685.286 44 17 1 3
685.286 44 17 1 3
685.286 44 17 1 3
685.286 44 17 1 3
685.286 44 17 1 3
685.286 44 17 1 3
685.286 44 17 1 3
685.286 44 17 1 3
685.286 44 17 1 3
685.286 44 17 1 3
685.286 44 17 1 3
685.286 44 17 1 3
685.286 44 17 1 3
685.286 44 17 1 3
685.286 44 17 1 3
648.058 44 48 11 1
484.72 44 1 7 4
484.72 44 1 7 4
484.72 44 1 7 4
484.72 44 1 7 4
484.72 44 1 7 4
484.72 44 1 7 4
484.72 44 1 7 4
484.72 44 1 7 4
484.72 44 1 7 4
484.72 44 1 7 4
484.72 44 1 7 4
484.72 44 1 7 4
484.72 44 1 7 4
484.72 44 1 7 4
484.72 44 1 7 4
484.72 44 1 7 4
484.72 44 1 7 4
484.72 44 1 7 4
484.72 44 1 7 4
484.72 44 1 7 4
484.72 44 1 7 4
484.72 44 1 7 4
484.72 44 1 7 4
484.72 44 1 7 4
484.72 44 1 7 4
484.72 44 1 7 4
484.72 44 1 7 4
484.72 44 1 7 4
484.72 44 1 7 4
484.72 44 1 7 4
484.72 44 1 7 4
484.72 44 1 7 4
484.72 44 1 7 4
484.72 44 1 7 4
484.72 44 1 7 4
484.72 44 1 7 4
484.72 44 1 7 4
484.72 44 1 7 4
484.72 44 1 7 4
484.72 44 1 7 4
484.72 44 1 7 4
484.72 44 1 7 4
484.72 44 1 7 4
484.72 44 1 7 4
484.72 44 1 7 4
484.72 44 1 7 4
484.72 44 1 7 4
484.72 44 1 7 4
484.72 44 1 7 4
484.72 44 1 7 4
484.72 44 1 7 4
484.72 44 1 7 4
484.72 44 1 7 4
484.72 44 1 7 4
484.72 44 1 7 4
484.72 44 1 7 4
484.72 44 1 7 4
484.72 44 1 7 4
484.72 44 1 7 4
484.72 44 1 7 4
484.72 44 1 7 4
484.72 44 1 7 4
484.72 44 1 7 4
484.72 44 1 7 4
484.72 44 1 7 4
484.72 44 1 7 4
484.72 44 1 7 4
484.72 44 1 7 4
484.72 44 1 7 4
484.72 44 1 7 4
484.72 44 1 7 4
484.72 44 1 7 4
484.72 44 1 7 4
484.72 44 1 7 4
484.72 44 1 7 4
484.72 44 1 7 4
484.72 44 1 7 4
484.72 44 1 7 4
484.72 44 1 7 4
484.72 44 1 7 4
484.72 44 1 7 4
484.72 44 1 7 4
484.72 44 1 7 4
484.72 44 1 7 4
