515.623 23 52 -35 1
510.083 11 23 -15 2
510.083 11 23 -15 2
510.083 11 23 -15 2
510.083 11 23 -15 2
562.996 18 50 -41 7
562.996 18 50 -41 7
562.996 18 50 -41 7
562.996 18 50 -41 7
562.996 18 50 -41 7
510.083 11 23 -15 2
510.083 11 23 -15 2
305.88 5 32 -1 8
305.88 5 32 -1 8
305.88 5 32 -1 8
305.88 5 32 -1 8
305.88 5 32 -1 8
305.88 5 32 -1 8
305.88 5 32 -1 8
305.88 5 32 -1 8
305.88 5 32 -1 8
305.88 5 32 -1 8
515.623 23 52 -35 1
305.88 5 32 -1 8
305.88 5 32 -1 8
305.88 5 32 -1 8
305.88 5 32 -1 8
305.88 5 32 -1 8
305.88 5 32 -1 8
305.88 5 32 -1 8
305.88 5 32 -1 8
305.88 5 32 -1 8
305.88 5 32 -1 8
305.88 5 32 -1 8
305.88 5 32 -1 8
499.055 6 21 -9 4
499.055 6 21 -9 4
499.055 6 21 -9 4
499.055 6 21 -9 4
499.055 6 21 -9 4
305.88 5 32 -1 8
305.88 5 32 -1 8
305.88 5 32 -1 8
305.88 5 32 -1 8
305.88 5 32 -1 8
305.88 5 32 -1 8
305.88 5 32 -1 8
305.88 5 32 -1 8
305.88 5 32 -1 8
305.88 5 32 -1 8
305.88 5 32 -1 8
305.88 5 32 -1 8
305.88 5 32 -1 8
305.88 5 32 -1 8
305.88 5 32 -1 8
450.808 23 34 -29 3
450.808 23 34 -29 3
450.808 23 34 -29 3
450.808 23 34 -29 3
450.808 23 34 -29 3
436.063 23 34 -29 2
436.063 23 34 -29 2
436.063 23 34 -29 2
436.063 23 34 -29 2
332.783 23 34 -29 6
332.783 23 34 -29 6
332.783 23 34 -29 6
332.783 23 34 -29 6
332.783 23 34 -29 6
332.783 23 34 -29 6
332.783 23 34 -29 6
332.783 23 34 -29 6
332.783 23 34 -29 6
332.783 23 34 -29 6
332.783 23 34 -29 6
332.783 23 34 -29 6
332.783 23 34 -29 6
332.783 23 34 -29 6
332.783 23 34 -29 6
332.783 23 34 -29 6
332.783 23 34 -29 6
332.783 23 34 -29 6
332.783 23 34 -29 6
332.783 23 34 -29 6
332.783 23 34 -29 6
332.783 23 34 -29 6
332.783 23 34 -29 6
332.783 23 34 -29 6
332.783 23 34 -29 6
325.977 5 32 -1 2
325.977 5 32 -1 2
269.711 21 34 -29 6
269.711 21 34 -29 6
269.711 21 34 -29 6
269.711 21 34 -29 6
269.711 21 34 -29 6
269.711 21 34 -29 6
3.21666 20 33 -27 7
212.424 18 39 -23 5
212.424 18 39 -23 5
212.424 18 39 -23 5
212.424 18 39 -23 5
212.424 18 39 -23 5
212.424 18 39 -23 5
212.424 18 39 -23 5
3.21666 20 33 -27 7
3.21666 20 33 -27 7
3.19999 20 33 -27 7
3.19999 20 33 -27 7
3.21666 20 33 -27 7
3.19999 20 33 -27 7
3.19999 22 33 -27 7
3.21666 22 33 -27 7
3.19999 20 33 -27 7
3.19999 22 33 -27 7
3.19999 20 33 -27 7
3.21666 20 33 -27 7
3.19999 22 33 -27 7
3.19999 22 33 -27 7
3.19999 22 33 -27 7
3.21666 20 33 -27 7
3.21666 22 33 -27 7
3.21666 22 33 -27 7
3.21666 22 33 -27 7
3.19999 22 33 -27 7
3.21666 22 33 -27 7
3.19999 22 33 -27 7
3.18333 21 34 -27 7
