329.469 35 61 -59 2
410.266 35 61 -59 2
399.834 35 61 -59 1
287.002 35 61 -59 1
328.608 35 61 -59 1
299.401 35 61 -59 1
320.815 35 61 -59 1
409.607 35 61 -59 1
399.834 35 61 -59 1
336.69 35 61 -59 1
380.784 35 61 -59 1
450.097 35 61 -59 1
287.002 35 61 -59 1
419.53 35 61 -59 1
380.784 35 61 -59 1
242.372 35 61 -43 3
242.372 35 61 -43 3
258.023 35 61 -43 3
250.004 35 61 -43 3
284.075 35 61 -43 3
293.325 35 61 -43 3
374.389 35 61 -43 3
363.721 35 61 -43 3
385.173 35 61 -43 3
235.167 35 61 -43 3
332.521 35 61 -43 3
312.524 35 61 -43 3
385.173 35 61 -43 3
258.023 35 61 -43 3
242.372 35 61 -43 3
332.521 35 61 -43 3
374.389 35 61 -43 3
332.521 35 61 -43 3
228.428 35 61 -43 3
302.815 35 61 -43 3
314.247 35 61 -59 2
250.004 35 61 -43 3
258.023 35 61 -43 3
363.721 35 61 -43 3
363.721 35 61 -43 3
322.432 35 61 -43 3
211.44 35 61 -43 3
353.179 35 61 -43 3
266.396 35 61 -43 3
266.396 35 61 -43 3
228.428 35 61 -43 3
312.524 35 61 -43 3
228.428 35 61 -43 3
211.44 35 61 -43 3
275.09 35 61 -43 3
342.774 35 61 -43 3
228.428 35 61 -43 3
222.198 35 61 -43 3
293.325 35 61 -43 3
266.396 35 61 -43 3
341.425 35 60 -59 2
362.48 35 61 -59 1
322.432 35 61 -43 3
363.721 35 61 -43 3
292.997 35 61 -59 1
250.004 35 61 -43 3
295.112 35 60 -59 2
306.189 35 61 -59 1
275.09 35 61 -43 3
341.126 35 61 -57 3
266.396 35 61 -43 3
266.396 35 61 -43 3
293.325 35 61 -43 3
328.608 35 61 -59 1
235.167 35 61 -43 3
324.773 35 60 -59 2
293.325 35 61 -43 3
289.858 33 61 -57 3
280.961 33 61 -57 3
324.773 35 60 -59 2
272.355 33 61 -57 3
350.132 35 60 -59 2
248.579 33 61 -57 3
264.068 33 61 -57 3
289.858 33 61 -57 3
345.042 35 61 -59 1
288.594 35 60 -59 2
137.671 33 53 -41 4
143.399 33 53 -41 4
129.166 33 53 -41 4
165.205 33 53 -41 4
272.355 33 61 -57 3
192.021 33 53 -41 4
265.157 33 53 -41 4
192.021 33 53 -41 4
245.973 35 61 -57 3
201.739 33 53 -41 4
165.205 33 53 -41 4
192.021 33 53 -41 4
149.965 33 53 -41 4
182.653 33 53 -41 4
276.318 33 53 -41 4
287.596 33 53 -41 4
264.068 33 61 -57 3
276.376 35 61 -57 3
157.267 33 53 -41 4
211.759 33 53 -41 4
165.205 33 53 -41 4
216.153 33 61 -43 3
173.693 33 53 -41 4
165.205 33 53 -41 4
264.068 33 61 -57 3
182.653 33 53 -41 4
211.759 33 53 -41 4
149.965 33 53 -41 4
173.693 33 53 -41 4
201.739 33 53 -41 4
173.693 33 53 -41 4
192.021 33 53 -41 4
132.892 33 53 -41 4
201.739 33 53 -41 4
132.892 33 53 -41 4
243.252 33 53 -41 4
173.693 33 53 -41 4
222.04 33 53 -41 4
149.965 33 53 -41 4
182.653 33 53 -41 4
143.399 33 53 -41 4
173.693 33 53 -41 4
165.205 33 53 -41 4
137.671 33 53 -41 4
137.671 33 53 -41 4
182.653 33 53 -41 4
129.166 33 53 -41 4
137.671 33 53 -41 4
192.021 33 53 -41 4
137.671 33 53 -41 4
132.892 33 53 -41 4
143.399 33 53 -41 4
201.739 33 53 -41 4
157.267 33 53 -41 4
157.267 33 53 -41 4
201.739 33 53 -41 4
243.252 33 53 -41 4
143.399 33 53 -41 4
137.671 33 53 -41 4
201.739 33 53 -41 4
137.671 33 53 -41 4
157.267 33 53 -41 4
132.892 33 53 -41 4
149.965 33 53 -41 4
173.693 33 53 -41 4
201.739 33 53 -41 4
143.399 33 53 -41 4
143.399 33 53 -41 4
129.166 33 53 -41 4
129.166 33 53 -41 4
149.965 33 53 -41 4
137.671 33 53 -41 4
243.252 33 53 -41 4
137.671 33 53 -41 4
165.205 33 53 -41 4
157.267 33 53 -41 4
222.04 33 53 -41 4
222.04 33 53 -41 4
143.399 33 53 -41 4
149.965 33 53 -41 4
149.965 33 53 -41 4
137.671 33 53 -41 4
132.892 33 53 -41 4
157.267 33 53 -41 4
157.267 33 53 -41 4
132.892 33 53 -41 4
132.892 33 53 -41 4
132.892 33 53 -41 4
157.267 33 53 -41 4
173.693 33 53 -41 4
132.892 33 53 -41 4
137.671 33 53 -41 4
143.399 33 53 -41 4
149.965 33 53 -41 4
254.129 33 53 -41 4
132.892 33 53 -41 4
149.965 33 53 -41 4
137.671 33 53 -41 4
173.693 33 53 -41 4
132.892 33 53 -41 4
182.653 33 53 -41 4
132.892 33 53 -41 4
157.267 33 53 -41 4
129.166 33 53 -41 4
137.671 33 53 -41 4
222.04 33 53 -41 4
143.399 33 53 -41 4
201.739 33 53 -41 4
137.671 33 53 -41 4
137.671 33 53 -41 4
201.739 33 53 -41 4
165.205 33 53 -41 4
165.205 33 53 -41 4
149.965 33 53 -41 4
137.671 33 53 -41 4
165.205 33 53 -41 4
254.129 33 53 -41 4
201.739 33 53 -41 4
157.267 33 53 -41 4
137.671 33 53 -41 4
182.653 33 53 -41 4
182.653 33 53 -41 4
137.671 33 53 -41 4
143.399 33 53 -41 4
143.399 33 53 -41 4
132.892 33 53 -41 4
173.693 33 53 -41 4
201.739 33 53 -41 4
132.892 33 53 -41 4
137.671 33 53 -41 4
222.04 33 53 -41 4
137.671 33 53 -41 4
173.693 33 53 -41 4
143.399 33 53 -41 4
143.399 33 53 -41 4
143.399 33 53 -41 4
143.399 33 53 -41 4
132.892 33 53 -41 4
143.399 33 53 -41 4
143.399 33 53 -41 4
165.205 33 53 -41 4
143.399 33 53 -41 4
192.021 33 53 -41 4
149.965 33 53 -41 4
173.693 33 53 -41 4
137.671 33 53 -41 4
165.205 33 53 -41 4
182.653 33 53 -41 4
143.399 33 53 -41 4
222.04 33 53 -41 4
143.399 33 53 -41 4
222.04 33 53 -41 4
165.205 33 53 -41 4
165.205 33 53 -41 4
137.671 33 53 -41 4
149.965 33 53 -41 4
222.04 33 53 -41 4
211.759 33 53 -41 4
132.892 33 53 -41 4
137.671 33 53 -41 4
173.693 33 53 -41 4
192.021 33 53 -41 4
157.267 33 53 -41 4
129.166 33 53 -41 4
143.399 33 53 -41 4
157.267 33 53 -41 4
137.671 33 53 -41 4
201.739 33 53 -41 4
165.205 33 53 -41 4
157.267 33 53 -41 4
149.965 33 53 -41 4
157.267 33 53 -41 4
165.205 33 53 -41 4
265.157 33 53 -41 4
143.399 33 53 -41 4
211.759 33 53 -41 4
173.693 33 53 -41 4
143.399 33 53 -41 4
149.965 33 53 -41 4
165.205 33 53 -41 4
182.653 33 53 -41 4
222.04 33 53 -41 4
157.267 33 53 -41 4
157.267 33 53 -41 4
265.157 33 53 -41 4
137.671 33 53 -41 4
222.04 33 53 -41 4
143.399 33 53 -41 4
157.267 33 53 -41 4
132.892 33 53 -41 4
149.965 33 53 -41 4
137.671 33 53 -41 4
182.653 33 53 -41 4
137.671 33 53 -41 4
157.267 33 53 -41 4
165.205 33 53 -41 4
129.166 33 53 -41 4
157.267 33 53 -41 4
137.671 33 53 -41 4
143.399 33 53 -41 4
149.965 33 53 -41 4
132.892 33 53 -41 4
165.205 33 53 -41 4
165.205 33 53 -41 4
165.205 33 53 -41 4
137.671 33 53 -41 4
157.267 33 53 -41 4
132.892 33 53 -41 4
157.267 33 53 -41 4
157.267 33 53 -41 4
137.671 33 53 -41 4
143.399 33 53 -41 4
165.205 33 53 -41 4
143.399 33 53 -41 4
137.671 33 53 -41 4
143.399 33 53 -41 4
143.399 33 53 -41 4
132.892 33 53 -41 4
143.399 33 53 -41 4
143.399 33 53 -41 4
132.892 33 53 -41 4
132.892 33 53 -41 4
143.399 33 53 -41 4
149.965 33 53 -41 4
132.892 33 53 -41 4
149.965 33 53 -41 4
129.166 33 53 -41 4
132.892 33 53 -41 4
129.166 33 53 -41 4
132.892 33 53 -41 4
222.04 33 53 -41 4
173.693 33 53 -41 4
137.671 33 53 -41 4
132.892 33 53 -41 4
132.892 33 53 -41 4
137.671 33 53 -41 4
165.205 33 53 -41 4
222.04 33 53 -41 4
149.965 33 53 -41 4
143.399 33 53 -41 4
143.399 33 53 -41 4
165.205 33 53 -41 4
137.671 33 53 -41 4
222.04 33 53 -41 4
137.671 33 53 -41 4
173.693 33 53 -41 4
129.166 33 53 -41 4
157.267 33 53 -41 4
149.965 33 53 -41 4
149.965 33 53 -41 4
149.965 33 53 -41 4
157.267 33 53 -41 4
143.399 33 53 -41 4
132.892 33 53 -41 4
173.693 33 53 -41 4
132.892 33 53 -41 4
143.399 33 53 -41 4
143.399 33 53 -41 4
173.693 33 53 -41 4
132.892 33 53 -41 4
173.693 33 53 -41 4
211.759 33 53 -41 4
149.965 33 53 -41 4
149.965 33 53 -41 4
143.399 33 53 -41 4
211.759 33 53 -41 4
149.965 33 53 -41 4
201.739 33 53 -41 4
137.671 33 53 -41 4
173.693 33 53 -41 4
201.739 33 53 -41 4
149.965 33 53 -41 4
157.267 33 53 -41 4
132.892 33 53 -41 4
165.205 33 53 -41 4
192.021 33 53 -41 4
232.548 33 53 -41 4
132.892 33 53 -41 4
165.205 33 53 -41 4
137.671 33 53 -41 4
137.671 33 53 -41 4
201.739 33 53 -41 4
137.671 33 53 -41 4
149.965 33 53 -41 4
157.267 33 53 -41 4
137.671 33 53 -41 4
157.267 33 53 -41 4
143.399 33 53 -41 4
129.166 33 53 -41 4
149.965 33 53 -41 4
192.021 33 53 -41 4
149.965 33 53 -41 4
157.267 33 53 -41 4
165.205 33 53 -41 4
173.693 33 53 -41 4
192.021 33 53 -41 4
165.205 33 53 -41 4
254.129 33 53 -41 4
232.548 33 53 -41 4
157.267 33 53 -41 4
265.157 33 53 -41 4
173.693 33 53 -41 4
173.693 33 53 -41 4
157.267 33 53 -41 4
143.399 33 53 -41 4
137.671 33 53 -41 4
149.965 33 53 -41 4
137.671 33 53 -41 4
129.166 33 53 -41 4
201.739 33 53 -41 4
157.267 33 53 -41 4
232.548 33 53 -41 4
137.671 33 53 -41 4
243.252 33 53 -41 4
132.892 33 53 -41 4
129.166 33 53 -41 4
137.671 33 53 -41 4
132.892 33 53 -41 4
149.965 33 53 -41 4
132.892 33 53 -41 4
173.693 33 53 -41 4
149.965 33 53 -41 4
132.892 33 53 -41 4
157.267 33 53 -41 4
192.021 33 53 -41 4
182.653 33 53 -41 4
132.892 33 53 -41 4
129.166 33 53 -41 4
137.671 33 53 -41 4
137.671 33 53 -41 4
157.267 33 53 -41 4
149.965 33 53 -41 4
157.267 33 53 -41 4
222.04 33 53 -41 4
129.166 33 53 -41 4
143.399 33 53 -41 4
265.157 33 53 -41 4
157.267 33 53 -41 4
132.892 33 53 -41 4
173.693 33 53 -41 4
143.399 33 53 -41 4
243.252 33 53 -41 4
129.166 33 53 -41 4
173.693 33 53 -41 4
182.653 33 53 -41 4
192.021 33 53 -41 4
201.739 33 53 -41 4
149.965 33 53 -41 4
137.671 33 53 -41 4
137.671 33 53 -41 4
222.04 33 53 -41 4
149.965 33 53 -41 4
143.399 33 53 -41 4
149.965 33 53 -41 4
173.693 33 53 -41 4
192.021 33 53 -41 4
243.252 33 53 -41 4
173.693 33 53 -41 4
143.399 33 53 -41 4
137.671 33 53 -41 4
201.739 33 53 -41 4
132.892 33 53 -41 4
192.021 33 53 -41 4
157.267 33 53 -41 4
165.205 33 53 -41 4
149.965 33 53 -41 4
143.399 33 53 -41 4
132.892 33 53 -41 4
137.671 33 53 -41 4
182.653 33 53 -41 4
149.965 33 53 -41 4
173.693 33 53 -41 4
129.166 33 53 -41 4
143.399 33 53 -41 4
173.693 33 53 -41 4
132.892 33 53 -41 4
182.653 33 53 -41 4
132.892 33 53 -41 4
137.671 33 53 -41 4
129.166 33 53 -41 4
143.399 33 53 -41 4
149.965 33 53 -41 4
165.205 33 53 -41 4
211.759 33 53 -41 4
157.267 33 53 -41 4
149.965 33 53 -41 4
137.671 33 53 -41 4
132.892 33 53 -41 4
165.205 33 53 -41 4
143.399 33 53 -41 4
137.671 33 53 -41 4
149.965 33 53 -41 4
165.205 33 53 -41 4
192.021 33 53 -41 4
157.267 33 53 -41 4
149.965 33 53 -41 4
143.399 33 53 -41 4
132.892 33 53 -41 4
137.671 33 53 -41 4
192.021 33 53 -41 4
211.759 33 53 -41 4
143.399 33 53 -41 4
211.759 33 53 -41 4
192.021 33 53 -41 4
149.965 33 53 -41 4
222.04 33 53 -41 4
149.965 33 53 -41 4
222.04 33 53 -41 4
137.671 33 53 -41 4
157.267 33 53 -41 4
137.671 33 53 -41 4
232.548 33 53 -41 4
182.653 33 53 -41 4
182.653 33 53 -41 4
157.267 33 53 -41 4
173.693 33 53 -41 4
149.965 33 53 -41 4
165.205 33 53 -41 4
149.965 33 53 -41 4
132.892 33 53 -41 4
132.892 33 53 -41 4
173.693 33 53 -41 4
243.252 33 53 -41 4
157.267 33 53 -41 4
165.205 33 53 -41 4
149.965 33 53 -41 4
157.267 33 53 -41 4
129.166 33 53 -41 4
157.267 33 53 -41 4
165.205 33 53 -41 4
173.693 33 53 -41 4
201.739 33 53 -41 4
232.548 33 53 -41 4
182.653 33 53 -41 4
129.166 33 53 -41 4
192.021 33 53 -41 4
211.759 33 53 -41 4
157.267 33 53 -41 4
165.205 33 53 -41 4
132.892 33 53 -41 4
165.205 33 53 -41 4
149.965 33 53 -41 4
192.021 33 53 -41 4
232.548 33 53 -41 4
132.892 33 53 -41 4
157.267 33 53 -41 4
287.596 33 53 -41 4
129.166 33 53 -41 4
149.965 33 53 -41 4
201.739 33 53 -41 4
201.739 33 53 -41 4
132.892 33 53 -41 4
132.892 33 53 -41 4
149.965 33 53 -41 4
132.892 33 53 -41 4
157.267 33 53 -41 4
143.399 33 53 -41 4
157.267 33 53 -41 4
137.671 33 53 -41 4
157.267 33 53 -41 4
201.739 33 53 -41 4
182.653 33 53 -41 4
149.965 33 53 -41 4
173.693 33 53 -41 4
143.399 33 53 -41 4
201.739 33 53 -41 4
243.252 33 53 -41 4
182.653 33 53 -41 4
192.021 33 53 -41 4
132.892 33 53 -41 4
143.399 33 53 -41 4
192.021 33 53 -41 4
157.267 33 53 -41 4
157.267 33 53 -41 4
201.739 33 53 -41 4
173.693 33 53 -41 4
132.892 33 53 -41 4
165.205 33 53 -41 4
149.965 33 53 -41 4
137.671 33 53 -41 4
165.205 33 53 -41 4
173.693 33 53 -41 4
157.267 33 53 -41 4
254.129 33 53 -41 4
173.693 33 53 -41 4
143.399 33 53 -41 4
173.693 33 53 -41 4
165.205 33 53 -41 4
192.021 33 53 -41 4
132.892 33 53 -41 4
201.739 33 53 -41 4
192.021 33 53 -41 4
129.166 33 53 -41 4
137.671 33 53 -41 4
201.739 33 53 -41 4
132.892 33 53 -41 4
173.693 33 53 -41 4
165.205 33 53 -41 4
222.04 33 53 -41 4
143.399 33 53 -41 4
165.205 33 53 -41 4
201.739 33 53 -41 4
132.892 33 53 -41 4
149.965 33 53 -41 4
137.671 33 53 -41 4
132.892 33 53 -41 4
243.252 33 53 -41 4
201.739 33 53 -41 4
165.205 33 53 -41 4
137.671 33 53 -41 4
165.205 33 53 -41 4
173.693 33 53 -41 4
157.267 33 53 -41 4
192.021 33 53 -41 4
132.892 33 53 -41 4
132.892 33 53 -41 4
149.965 33 53 -41 4
182.653 33 53 -41 4
173.693 33 53 -41 4
132.892 33 53 -41 4
165.205 33 53 -41 4
173.693 33 53 -41 4
276.318 33 53 -41 4
149.965 33 53 -41 4
222.04 33 53 -41 4
137.671 33 53 -41 4
157.267 33 53 -41 4
192.021 33 53 -41 4
201.739 33 53 -41 4
137.671 33 53 -41 4
129.166 33 53 -41 4
201.739 33 53 -41 4
132.892 33 53 -41 4
211.759 33 53 -41 4
137.671 33 53 -41 4
129.166 33 53 -41 4
137.671 33 53 -41 4
157.267 33 53 -41 4
132.892 33 53 -41 4
143.399 33 53 -41 4
157.267 33 53 -41 4
149.965 33 53 -41 4
232.548 33 53 -41 4
143.399 33 53 -41 4
157.267 33 53 -41 4
173.693 33 53 -41 4
143.399 33 53 -41 4
143.399 33 53 -41 4
157.267 33 53 -41 4
143.399 33 53 -41 4
137.671 33 53 -41 4
143.399 33 53 -41 4
137.671 33 53 -41 4
137.671 33 53 -41 4
211.759 33 53 -41 4
192.021 33 53 -41 4
137.671 33 53 -41 4
182.653 33 53 -41 4
254.129 33 53 -41 4
137.671 33 53 -41 4
157.267 33 53 -41 4
201.739 33 53 -41 4
165.205 33 53 -41 4
149.965 33 53 -41 4
165.205 33 53 -41 4
182.653 33 53 -41 4
137.671 33 53 -41 4
165.205 33 53 -41 4
173.693 33 53 -41 4
173.693 33 53 -41 4
132.892 33 53 -41 4
192.021 33 53 -41 4
143.399 33 53 -41 4
129.166 33 53 -41 4
143.399 33 53 -41 4
137.671 33 53 -41 4
165.205 33 53 -41 4
173.693 33 53 -41 4
137.671 33 53 -41 4
149.965 33 53 -41 4
129.166 33 53 -41 4
137.671 33 53 -41 4
165.205 33 53 -41 4
182.653 33 53 -41 4
132.892 33 53 -41 4
211.759 33 53 -41 4
149.965 33 53 -41 4
137.671 33 53 -41 4
149.965 33 53 -41 4
211.759 33 53 -41 4
149.965 33 53 -41 4
165.205 33 53 -41 4
132.892 33 53 -41 4
143.399 33 53 -41 4
143.399 33 53 -41 4
149.965 33 53 -41 4
157.267 33 53 -41 4
132.892 33 53 -41 4
132.892 33 53 -41 4
143.399 33 53 -41 4
165.205 33 53 -41 4
192.021 33 53 -41 4
157.267 33 53 -41 4
132.892 33 53 -41 4
192.021 33 53 -41 4
211.759 33 53 -41 4
165.205 33 53 -41 4
129.166 33 53 -41 4
132.892 33 53 -41 4
149.965 33 53 -41 4
143.399 33 53 -41 4
243.252 33 53 -41 4
137.671 33 53 -41 4
137.671 33 53 -41 4
143.399 33 53 -41 4
182.653 33 53 -41 4
143.399 33 53 -41 4
201.739 33 53 -41 4
132.892 33 53 -41 4
137.671 33 53 -41 4
173.693 33 53 -41 4
149.965 33 53 -41 4
143.399 33 53 -41 4
137.671 33 53 -41 4
243.252 33 53 -41 4
137.671 33 53 -41 4
129.166 33 53 -41 4
132.892 33 53 -41 4
173.693 33 53 -41 4
165.205 33 53 -41 4
182.653 33 53 -41 4
173.693 33 53 -41 4
157.267 33 53 -41 4
182.653 33 53 -41 4
149.965 33 53 -41 4
201.739 33 53 -41 4
137.671 33 53 -41 4
143.399 33 53 -41 4
201.739 33 53 -41 4
192.021 33 53 -41 4
173.693 33 53 -41 4
129.166 33 53 -41 4
192.021 33 53 -41 4
182.653 33 53 -41 4
132.892 33 53 -41 4
132.892 33 53 -41 4
211.759 33 53 -41 4
173.693 33 53 -41 4
243.252 33 53 -41 4
129.166 33 53 -41 4
137.671 33 53 -41 4
211.759 33 53 -41 4
137.671 33 53 -41 4
173.693 33 53 -41 4
192.021 33 53 -41 4
157.267 33 53 -41 4
137.671 33 53 -41 4
132.892 33 53 -41 4
149.965 33 53 -41 4
157.267 33 53 -41 4
157.267 33 53 -41 4
149.965 33 53 -41 4
143.399 33 53 -41 4
129.166 33 53 -41 4
132.892 33 53 -41 4
149.965 33 53 -41 4
165.205 33 53 -41 4
165.205 33 53 -41 4
192.021 33 53 -41 4
192.021 33 53 -41 4
201.739 33 53 -41 4
211.759 33 53 -41 4
222.04 33 53 -41 4
132.892 33 53 -41 4
132.892 33 53 -41 4
143.399 33 53 -41 4
137.671 33 53 -41 4
157.267 33 53 -41 4
143.399 33 53 -41 4
137.671 33 53 -41 4
132.892 33 53 -41 4
222.04 33 53 -41 4
173.693 33 53 -41 4
165.205 33 53 -41 4
211.759 33 53 -41 4
211.759 33 53 -41 4
157.267 33 53 -41 4
143.399 33 53 -41 4
129.166 33 53 -41 4
157.267 33 53 -41 4
143.399 33 53 -41 4
173.693 33 53 -41 4
143.399 33 53 -41 4
132.892 33 53 -41 4
137.671 33 53 -41 4
254.129 33 53 -41 4
149.965 33 53 -41 4
157.267 33 53 -41 4
165.205 33 53 -41 4
201.739 33 53 -41 4
137.671 33 53 -41 4
165.205 33 53 -41 4
182.653 33 53 -41 4
173.693 33 53 -41 4
173.693 33 53 -41 4
182.653 33 53 -41 4
192.021 33 53 -41 4
143.399 33 53 -41 4
265.157 33 53 -41 4
129.166 33 53 -41 4
137.671 33 53 -41 4
232.548 33 53 -41 4
143.399 33 53 -41 4
192.021 33 53 -41 4
143.399 33 53 -41 4
132.892 33 53 -41 4
182.653 33 53 -41 4
132.892 33 53 -41 4
137.671 33 53 -41 4
173.693 33 53 -41 4
165.205 33 53 -41 4
165.205 33 53 -41 4
149.965 33 53 -41 4
211.759 33 53 -41 4
132.892 33 53 -41 4
149.965 33 53 -41 4
173.693 33 53 -41 4
149.965 33 53 -41 4
165.205 33 53 -41 4
201.739 33 53 -41 4
182.653 33 53 -41 4
143.399 33 53 -41 4
265.157 33 53 -41 4
232.548 33 53 -41 4
132.892 33 53 -41 4
149.965 33 53 -41 4
137.671 33 53 -41 4
129.166 33 53 -41 4
182.653 33 53 -41 4
149.965 33 53 -41 4
132.892 33 53 -41 4
143.399 33 53 -41 4
157.267 33 53 -41 4
165.205 33 53 -41 4
201.739 33 53 -41 4
157.267 33 53 -41 4
192.021 33 53 -41 4
149.965 33 53 -41 4
149.965 33 53 -41 4
173.693 33 53 -41 4
165.205 33 53 -41 4
173.693 33 53 -41 4
165.205 33 53 -41 4
132.892 33 53 -41 4
192.021 33 53 -41 4
149.965 33 53 -41 4
137.671 33 53 -41 4
165.205 33 53 -41 4
173.693 33 53 -41 4
222.04 33 53 -41 4
129.166 33 53 -41 4
157.267 33 53 -41 4
149.965 33 53 -41 4
165.205 33 53 -41 4
165.205 33 53 -41 4
149.965 33 53 -41 4
132.892 33 53 -41 4
182.653 33 53 -41 4
143.399 33 53 -41 4
157.267 33 53 -41 4
165.205 33 53 -41 4
143.399 33 53 -41 4
157.267 33 53 -41 4
143.399 33 53 -41 4
165.205 33 53 -41 4
173.693 33 53 -41 4
132.892 33 53 -41 4
201.739 33 53 -41 4
157.267 33 53 -41 4
137.671 33 53 -41 4
132.892 33 53 -41 4
129.166 33 53 -41 4
201.739 33 53 -41 4
173.693 33 53 -41 4
265.157 33 53 -41 4
129.166 33 53 -41 4
173.693 33 53 -41 4
173.693 33 53 -41 4
143.399 33 53 -41 4
192.021 33 53 -41 4
129.166 33 53 -41 4
232.548 33 53 -41 4
132.892 33 53 -41 4
157.267 33 53 -41 4
173.693 33 53 -41 4
143.399 33 53 -41 4
157.267 33 53 -41 4
143.399 33 53 -41 4
137.671 33 53 -41 4
192.021 33 53 -41 4
192.021 33 53 -41 4
157.267 33 53 -41 4
173.693 33 53 -41 4
173.693 33 53 -41 4
137.671 33 53 -41 4
157.267 33 53 -41 4
132.892 33 53 -41 4
132.892 33 53 -41 4
173.693 33 53 -41 4
201.739 33 53 -41 4
173.693 33 53 -41 4
165.205 33 53 -41 4
132.892 33 53 -41 4
182.653 33 53 -41 4
222.04 33 53 -41 4
143.399 33 53 -41 4
129.166 33 53 -41 4
165.205 33 53 -41 4
137.671 33 53 -41 4
149.965 33 53 -41 4
157.267 33 53 -41 4
137.671 33 53 -41 4
137.671 33 53 -41 4
129.166 33 53 -41 4
132.892 33 53 -41 4
173.693 33 53 -41 4
132.892 33 53 -41 4
182.653 33 53 -41 4
129.166 33 53 -41 4
137.671 33 53 -41 4
149.965 33 53 -41 4
132.892 33 53 -41 4
132.892 33 53 -41 4
165.205 33 53 -41 4
143.399 33 53 -41 4
143.399 33 53 -41 4
165.205 33 53 -41 4
132.892 33 53 -41 4
165.205 33 53 -41 4
173.693 33 53 -41 4
165.205 33 53 -41 4
157.267 33 53 -41 4
165.205 33 53 -41 4
157.267 33 53 -41 4
182.653 33 53 -41 4
149.965 33 53 -41 4
143.399 33 53 -41 4
157.267 33 53 -41 4
211.759 33 53 -41 4
232.548 33 53 -41 4
173.693 33 53 -41 4
132.892 33 53 -41 4
143.399 33 53 -41 4
222.04 33 53 -41 4
129.166 33 53 -41 4
173.693 33 53 -41 4
149.965 33 53 -41 4
132.892 33 53 -41 4
149.965 33 53 -41 4
165.205 33 53 -41 4
137.671 33 53 -41 4
182.653 33 53 -41 4
137.671 33 53 -41 4
132.892 33 53 -41 4
137.671 33 53 -41 4
149.965 33 53 -41 4
132.892 33 53 -41 4
182.653 33 53 -41 4
132.892 33 53 -41 4
192.021 33 53 -41 4
157.267 33 53 -41 4
182.653 33 53 -41 4
165.205 33 53 -41 4
211.759 33 53 -41 4
157.267 33 53 -41 4
149.965 33 53 -41 4
165.205 33 53 -41 4
192.021 33 53 -41 4
143.399 33 53 -41 4
165.205 33 53 -41 4
143.399 33 53 -41 4
137.671 33 53 -41 4
157.267 33 53 -41 4
143.399 33 53 -41 4
129.166 33 53 -41 4
192.021 33 53 -41 4
173.693 33 53 -41 4
143.399 33 53 -41 4
143.399 33 53 -41 4
201.739 33 53 -41 4
143.399 33 53 -41 4
132.892 33 53 -41 4
137.671 33 53 -41 4
149.965 33 53 -41 4
192.021 33 53 -41 4
137.671 33 53 -41 4
232.548 33 53 -41 4
132.892 33 53 -41 4
165.205 33 53 -41 4
232.548 33 53 -41 4
132.892 33 53 -41 4
182.653 33 53 -41 4
157.267 33 53 -41 4
129.166 33 53 -41 4
182.653 33 53 -41 4
211.759 33 53 -41 4
149.965 33 53 -41 4
182.653 33 53 -41 4
149.965 33 53 -41 4
173.693 33 53 -41 4
165.205 33 53 -41 4
222.04 33 53 -41 4
157.267 33 53 -41 4
129.166 33 53 -41 4
157.267 33 53 -41 4
173.693 33 53 -41 4
143.399 33 53 -41 4
132.892 33 53 -41 4
