286.283 18 49 -29 4
286.283 18 49 -29 4
286.283 18 49 -29 4
286.283 18 49 -29 4
286.283 18 49 -29 4
286.283 18 49 -29 4
286.283 18 49 -29 4
286.283 18 49 -29 4
286.283 18 49 -29 4
286.283 18 49 -29 4
286.283 18 49 -29 4
286.283 18 49 -29 4
286.283 18 49 -29 4
286.283 18 49 -29 4
286.283 18 49 -29 4
286.283 18 49 -29 4
286.283 18 49 -29 4
286.283 18 49 -29 4
286.283 18 49 -29 4
286.283 18 49 -29 4
286.283 18 49 -29 4
286.283 18 49 -29 4
286.283 18 49 -29 4
286.283 18 49 -29 4
286.283 18 49 -29 4
286.283 18 49 -29 4
286.283 18 49 -29 4
286.283 18 49 -29 4
286.283 18 49 -29 4
286.283 18 49 -29 4
286.283 18 49 -29 4
286.283 18 49 -29 4
286.283 18 49 -29 4
286.283 18 49 -29 4
286.283 18 49 -29 4
286.283 18 49 -29 4
286.283 18 49 -29 4
286.283 18 49 -29 4
286.283 18 49 -29 4
286.283 18 49 -29 4
286.283 18 49 -29 4
286.283 18 49 -29 4
286.283 18 49 -29 4
286.283 18 49 -29 4
286.283 18 49 -29 4
286.283 18 49 -29 4
286.283 18 49 -29 4
286.283 18 49 -29 4
286.283 18 49 -29 4
286.283 18 49 -29 4
286.283 18 49 -29 4
286.283 18 49 -29 4
286.283 18 49 -29 4
286.283 18 49 -29 4
286.283 18 49 -29 4
286.283 18 49 -29 4
286.283 18 49 -29 4
286.283 18 49 -29 4
286.283 18 49 -29 4
286.283 18 49 -29 4
286.283 18 49 -29 4
286.283 18 49 -29 4
286.283 18 49 -29 4
286.283 18 49 -29 4
286.283 18 49 -29 4
286.283 18 49 -29 4
186.086 13 29 -23 7
186.086 13 29 -23 7
186.086 13 29 -23 7
186.086 13 29 -23 7
186.086 13 29 -23 7
186.086 13 29 -23 7
186.086 13 29 -23 7
186.086 13 29 -23 7
186.086 13 29 -23 7
186.086 13 29 -23 7
186.086 13 29 -23 7
186.086 13 29 -23 7
186.086 13 29 -23 7
166.211 28 57 -45 4
166.211 28 57 -45 4
166.211 28 57 -45 4
166.211 28 57 -45 4
166.211 28 57 -45 4
166.211 28 57 -45 4
166.211 28 57 -45 4
166.211 28 57 -45 4
166.211 28 57 -45 4
166.211 28 57 -45 4
166.211 28 57 -45 4
166.211 28 57 -45 4
166.211 28 57 -45 4
166.211 28 57 -45 4
166.211 28 57 -45 4
166.211 28 57 -45 4
166.211 28 57 -45 4
3.56666 13 29 -21 8
3.56666 13 29 -21 8
3.54999 13 29 -21 8
3.24999 13 29 -23 8
3.23333 13 29 -23 8
3.24999 13 29 -23 8
3.24999 13 29 -23 8
3.24999 13 29 -23 8
3.24999 13 29 -23 8
3.24999 13 29 -23 8
3.24999 13 29 -23 8
3.24999 13 29 -23 8
3.23333 13 29 -23 8
3.24999 13 29 -23 8
3.24999 13 29 -23 8
3.23333 13 29 -23 8
3.24999 13 29 -23 8
3.24999 13 29 -23 8
3.24999 13 29 -23 8
3.24999 13 29 -23 8
3.24999 13 29 -23 8
3.24999 13 29 -23 8
3.23333 13 29 -23 8
3.24999 13 29 -23 8
3.23333 13 29 -23 8
3.24999 13 29 -23 8
3.23333 13 29 -23 8
3.24999 13 29 -23 8
3.24999 13 29 -23 8
3.24999 13 29 -23 8
3.24999 13 29 -23 8
3.23333 13 29 -23 8
3.23333 13 29 -23 8
3.24999 13 29 -23 8
3.24999 13 29 -23 8
3.24999 13 29 -23 8
3.23333 13 29 -23 8
3.23333 13 29 -23 8
