652.196 44 35 7 1
652.196 44 35 7 1
652.196 44 35 7 1
652.196 44 35 7 1
652.196 44 35 7 1
652.196 44 35 7 1
652.196 44 35 7 1
652.196 44 35 7 1
652.196 44 35 7 1
652.196 44 35 7 1
652.196 44 35 7 1
652.196 44 35 7 1
652.196 44 35 7 1
652.196 44 35 7 1
652.196 44 35 7 1
652.196 44 35 7 1
652.196 44 35 7 1
652.196 44 35 7 1
652.196 44 35 7 1
652.196 44 35 7 1
652.196 44 35 7 1
652.196 44 35 7 1
652.196 44 35 7 1
652.196 44 35 7 1
652.196 44 35 7 1
642.676 44 47 7 1
642.676 44 47 7 1
642.676 44 47 7 1
642.676 44 47 7 1
642.676 44 47 7 1
642.676 44 47 7 1
642.676 44 47 7 1
642.676 44 47 7 1
642.676 44 47 7 1
642.676 44 47 7 1
642.676 44 47 7 1
642.676 44 47 7 1
642.676 44 47 7 1
642.676 44 47 7 1
642.676 44 47 7 1
642.676 44 47 7 1
642.676 44 47 7 1
642.676 44 47 7 1
642.676 44 47 7 1
642.676 44 47 7 1
642.676 44 47 7 1
642.676 44 47 7 1
642.676 44 47 7 1
642.676 44 47 7 1
642.676 44 47 7 1
642.676 44 47 7 1
642.676 44 47 7 1
642.676 44 47 7 1
642.676 44 47 7 1
642.676 44 47 7 1
642.676 44 47 7 1
