511.224 57 44 -35 3
511.224 57 44 -35 3
511.224 57 44 -35 3
511.224 57 44 -35 3
511.224 57 44 -35 3
511.224 57 44 -35 3
511.224 57 44 -35 3
511.224 57 44 -35 3
511.224 57 44 -35 3
511.224 57 44 -35 3
511.224 57 44 -35 3
511.224 57 44 -35 3
511.224 57 44 -35 3
511.224 57 44 -35 3
511.224 57 44 -35 3
418.869 36 63 -63 2
418.869 36 63 -63 2
418.869 36 63 -63 2
418.869 36 63 -63 2
418.869 36 63 -63 2
418.869 36 63 -63 2
418.869 36 63 -63 2
418.869 36 63 -63 2
418.869 36 63 -63 2
418.869 36 63 -63 2
418.869 36 63 -63 2
418.869 36 63 -63 2
418.869 36 63 -63 2
418.869 36 63 -63 2
418.869 36 63 -63 2
418.869 36 63 -63 2
418.869 36 63 -63 2
418.869 36 63 -63 2
418.869 36 63 -63 2
418.869 36 63 -63 2
418.869 36 63 -63 2
418.869 36 63 -63 2
418.869 36 63 -63 2
418.869 36 63 -63 2
418.869 36 63 -63 2
418.869 36 63 -63 2
418.869 36 63 -63 2
418.869 36 63 -63 2
418.869 36 63 -63 2
418.869 36 63 -63 2
418.869 36 63 -63 2
418.869 36 63 -63 2
418.869 36 63 -63 2
418.869 36 63 -63 2
383.916 36 49 -57 2
383.916 36 49 -57 2
383.916 36 49 -57 2
383.916 36 49 -57 2
383.916 36 49 -57 2
383.916 36 49 -57 2
383.916 36 49 -57 2
383.916 36 49 -57 2
383.916 36 49 -57 2
383.916 36 49 -57 2
383.916 36 49 -57 2
383.916 36 49 -57 2
383.916 36 49 -57 2
383.916 36 49 -57 2
383.916 36 49 -57 2
383.916 36 49 -57 2
383.916 36 49 -57 2
383.916 36 49 -57 2
383.916 36 49 -57 2
383.916 36 49 -57 2
383.916 36 49 -57 2
383.916 36 49 -57 2
383.916 36 49 -57 2
383.916 36 49 -57 2
376.349 36 57 -63 2
376.349 36 57 -63 2
376.349 36 57 -63 2
376.349 36 57 -63 2
376.349 36 57 -63 2
376.349 36 57 -63 2
376.349 36 57 -63 2
376.349 36 57 -63 2
376.349 36 57 -63 2
376.349 36 57 -63 2
376.349 36 57 -63 2
376.349 36 57 -63 2
376.349 36 57 -63 2
376.349 36 57 -63 2
376.349 36 57 -63 2
376.349 36 57 -63 2
376.349 36 57 -63 2
376.349 36 57 -63 2
376.349 36 57 -63 2
376.349 36 57 -63 2
376.349 36 57 -63 2
376.349 36 57 -63 2
376.349 36 57 -63 2
376.349 36 57 -63 2
376.349 36 57 -63 2
376.349 36 57 -63 2
376.349 36 57 -63 2
376.349 36 57 -63 2
376.349 36 57 -63 2
376.349 36 57 -63 2
376.349 36 57 -63 2
376.349 36 57 -63 2
376.349 36 57 -63 2
376.349 36 57 -63 2
376.349 36 57 -63 2
376.349 36 57 -63 2
376.349 36 57 -63 2
376.349 36 57 -63 2
376.349 36 57 -63 2
376.349 36 57 -63 2
376.349 36 57 -63 2
376.349 36 57 -63 2
376.349 36 57 -63 2
376.349 36 57 -63 2
376.349 36 57 -63 2
376.349 36 57 -63 2
376.349 36 57 -63 2
376.349 36 57 -63 2
376.349 36 57 -63 2
376.349 36 57 -63 2
376.349 36 57 -63 2
376.349 36 57 -63 2
376.349 36 57 -63 2
376.349 36 57 -63 2
376.349 36 57 -63 2
376.349 36 57 -63 2
376.349 36 57 -63 2
376.349 36 57 -63 2
376.349 36 57 -63 2
376.349 36 57 -63 2
376.349 36 57 -63 2
376.349 36 57 -63 2
376.349 36 57 -63 2
376.349 36 57 -63 2
376.349 36 57 -63 2
376.349 36 57 -63 2
376.349 36 57 -63 2
376.349 36 57 -63 2
376.349 36 57 -63 2
376.349 36 57 -63 2
376.349 36 57 -63 2
376.349 36 57 -63 2
376.349 36 57 -63 2
376.349 36 57 -63 2
376.349 36 57 -63 2
376.349 36 57 -63 2
376.349 36 57 -63 2
376.349 36 57 -63 2
376.349 36 57 -63 2
376.349 36 57 -63 2
376.349 36 57 -63 2
376.349 36 57 -63 2
376.349 36 57 -63 2
376.349 36 57 -63 2
376.349 36 57 -63 2
376.349 36 57 -63 2
376.349 36 57 -63 2
376.349 36 57 -63 2
376.349 36 57 -63 2
376.349 36 57 -63 2
376.349 36 57 -63 2
376.349 36 57 -63 2
376.349 36 57 -63 2
376.349 36 57 -63 2
376.349 36 57 -63 2
376.349 36 57 -63 2
376.349 36 57 -63 2
