2.99999 31 24 13 7
2.99999 31 24 13 7
2.99999 31 24 13 7
3.63333 28 27 11 6
3.61666 28 27 11 6
3.63333 28 27 11 6
3.19999 31 24 13 6
3.18333 31 24 13 6
3.19999 31 24 13 6
3.19999 31 24 13 6
3.19999 31 24 13 6
3.19999 31 24 13 6
3.19999 31 24 13 6
3.19999 31 24 13 6
3.19999 31 24 13 6
3.19999 31 24 13 6
3.19999 31 24 13 6
3.19999 31 24 13 6
2.99999 31 24 13 7
2.99999 31 24 13 7
2.99999 31 24 13 7
2.98333 31 24 13 7
2.99999 31 24 13 7
2.99999 31 24 13 7
2.99999 31 24 13 7
2.99999 31 24 13 7
2.98333 31 24 13 7
2.99999 31 24 13 7
2.98333 31 24 13 7
2.99999 31 24 13 7
2.99999 31 24 13 7
2.99999 31 24 13 7
2.99999 31 24 13 7
2.99999 31 24 13 7
2.98333 31 24 13 7
2.99999 31 24 13 7
2.99999 31 24 13 7
2.98333 31 24 13 7
2.99999 31 24 13 7
2.99999 31 24 13 7
2.99999 31 24 13 7
2.99999 31 24 13 7
2.98333 31 24 13 7
2.99999 31 24 13 7
2.99999 31 24 13 7
2.98333 31 24 13 7
2.99999 31 24 13 7
2.98333 31 24 13 7
2.99999 31 24 13 7
2.99999 34 24 -13 7
2.99999 34 24 -13 7
2.99999 34 24 -13 7
2.99999 34 24 -13 7
2.99999 34 24 -13 7
2.98333 31 24 13 7
2.98333 31 24 13 7
2.99999 34 24 -13 7
2.99999 31 24 13 7
2.98333 34 24 -13 7
2.98333 31 24 13 7
2.99999 31 24 13 7
2.99999 31 24 13 7
2.98333 31 24 13 7
2.99999 31 24 13 7
2.98333 31 24 13 7
2.98333 31 24 13 7
2.99999 31 24 13 7
2.98333 31 24 13 7
2.99999 31 24 13 7
2.99999 31 24 13 7
2.99999 31 24 13 7
2.99999 31 24 13 7
2.98333 31 24 13 7
2.98333 34 24 -13 7
2.98333 31 24 -13 7
2.98333 31 24 -13 7
2.99999 31 24 -13 7
2.99999 34 24 -13 7
2.99999 34 24 -13 7
2.98333 34 24 -13 7
2.99999 34 24 -13 7
2.99999 31 24 -13 7
2.99999 39 24 -13 7
2.99999 39 24 -13 7
2.99999 34 24 -13 7
2.99999 34 24 -13 7
2.98333 39 24 -13 7
2.99999 39 24 -13 7
2.99999 39 24 -13 7
2.98333 34 24 -13 7
2.99999 34 24 -13 7
2.99999 31 24 -13 7
2.99999 31 24 -13 7
2.99999 31 24 -13 7
2.99999 31 24 -13 7
2.98333 34 24 -13 7
2.98333 39 24 -13 7
2.99999 31 24 -13 7
2.98333 34 24 -13 7
2.98333 34 24 -13 7
