504.044 16 33 1 7
431.079 19 34 4 6
335.343 25 24 0 2
3.49999 31 24 1 6
3.49999 31 24 1 6
3.48333 31 24 1 6
3.49999 31 24 1 6
3.49999 31 24 1 6
3.49999 31 24 1 6
3.49999 31 24 1 6
3.49999 31 24 1 6
3.49999 31 24 1 6
3.49999 31 24 1 6
3.48333 31 24 1 6
3.49999 31 24 1 6
3.49999 31 24 1 6
3.49999 31 24 1 6
3.49999 31 24 1 6
3.49999 31 24 1 6
3.48333 31 24 1 6
3.49999 31 24 1 6
3.49999 31 24 1 6
3.49999 31 24 1 6
3.49999 31 24 1 6
3.49999 31 24 1 6
3.49999 31 24 1 6
3.49999 31 24 1 6
3.49999 31 24 1 6
3.48333 31 24 1 6
3.49999 31 24 1 6
3.49999 31 24 1 6
3.49999 31 24 1 6
3.49999 31 24 1 6
3.49999 31 24 1 6
3.49999 31 24 1 6
3.49999 31 24 1 6
3.49999 31 24 1 1
3.49999 31 24 1 1
3.49999 31 24 1 1
3.49999 31 24 1 1
3.49999 31 24 1 1
3.49999 31 24 1 1
3.49999 31 24 1 1
3.49999 31 24 1 1
3.48333 31 24 1 1
3.49999 31 24 1 6
3.49999 31 24 1 6
3.49999 31 24 1 6
3.49999 31 24 1 7
3.49999 31 24 1 7
3.48333 31 24 1 6
3.49999 31 24 1 7
3.48333 31 24 1 6
3.49999 31 24 1 6
3.48333 31 24 1 4
3.49999 31 24 1 7
3.48333 31 24 1 7
3.49999 31 24 1 7
3.48333 31 24 1 7
3.48333 31 24 1 4
3.49999 31 24 1 4
3.49999 31 24 1 7
3.49999 31 24 1 7
3.49999 31 24 1 4
3.49999 31 24 1 4
3.49999 31 24 1 4
3.48333 31 24 1 7
3.49999 31 24 1 7
3.48333 31 24 1 4
3.49999 31 24 1 1
3.49999 31 24 1 4
3.49999 31 24 1 4
3.48333 31 24 1 4
3.48333 31 24 1 4
3.48333 31 24 1 7
3.49999 31 24 1 4
3.49999 31 24 1 6
3.48333 31 24 1 7
3.49999 31 24 1 7
3.48333 31 24 1 4
3.49999 31 24 1 4
3.49999 31 24 1 6
3.48333 31 24 1 4
3.49999 31 24 1 6
3.49999 31 24 1 8
3.48333 31 24 1 1
3.49999 31 24 1 7
3.49999 31 24 1 4
3.49999 31 24 1 1
3.48333 31 24 1 4
3.49999 31 24 1 8
3.49999 31 24 1 6
3.49999 31 24 1 8
3.49999 31 24 1 4
3.49999 31 24 1 7
3.49999 31 24 1 7
3.48333 31 24 1 4
3.48333 31 24 1 8
3.49999 31 24 1 4
3.49999 31 24 1 4
