369.816 42 8 5 7
369.816 42 8 5 7
369.816 42 8 5 7
369.816 42 8 5 7
3.29999 33 25 0 3
3.29999 33 25 0 3
3.29999 33 25 0 3
3.29999 33 25 0 3
3.29999 33 25 0 3
3.29999 33 25 0 3
3.29999 33 25 0 3
3.29999 33 25 0 3
3.29999 33 25 0 3
3.29999 33 25 0 3
3.28333 33 25 0 3
3.29999 33 25 0 3
3.29999 33 25 0 3
293.644 19 29 1 6
293.644 19 29 1 6
488.792 29 20 4 1
488.792 29 20 4 1
488.792 29 20 4 1
488.792 29 20 4 1
488.792 29 20 4 1
488.792 29 20 4 1
488.792 29 20 4 1
488.792 29 20 4 1
488.792 29 20 4 1
488.792 29 20 4 1
488.792 29 20 4 1
220.517 31 22 2 3
455.093 18 28 2 5
433.685 28 21 3 2
433.685 28 21 3 2
433.685 28 21 3 2
433.685 28 21 3 2
433.685 28 21 3 2
433.685 28 21 3 2
433.685 28 21 3 2
433.685 28 21 3 2
433.685 28 21 3 2
433.685 28 21 3 2
433.685 28 21 3 2
433.685 28 21 3 2
433.685 28 21 3 2
455.093 18 28 2 5
455.093 18 28 2 5
164.209 25 25 1 3
285.86 27 27 3 1
285.86 27 27 3 1
164.209 25 25 1 3
164.209 25 25 1 3
164.209 25 25 1 3
164.209 25 25 1 3
164.209 25 25 1 3
164.209 25 25 1 3
164.209 25 25 1 3
164.209 25 25 1 3
164.209 25 25 1 3
164.209 25 25 1 3
3.71666 30 23 1 4
3.71666 30 23 1 4
3.71666 30 23 1 4
3.71666 30 23 1 4
3.71666 30 23 1 4
3.71666 30 23 1 4
3.71666 30 23 1 4
3.71666 30 23 1 4
3.71666 30 23 1 4
3.69999 30 23 1 4
3.71666 30 23 1 4
3.98333 27 27 1 5
3.98333 27 27 1 5
3.98333 27 27 1 5
3.98333 27 27 1 6
3.98333 27 27 1 6
3.98333 27 27 1 6
3.98333 27 27 1 5
3.98333 27 27 1 5
3.98333 27 27 1 5
3.98333 27 27 1 5
3.98333 27 27 1 5
3.98333 27 27 1 5
164.209 25 25 1 3
220.517 31 22 2 3
220.517 31 22 2 3
4.53332 25 25 1 6
4.53332 25 25 1 6
3.71666 30 23 1 4
3.71666 30 23 1 4
3.71666 30 23 1 4
3.71666 30 23 1 4
3.71666 30 23 1 4
3.71666 30 23 1 4
3.71666 30 23 1 4
3.71666 30 23 1 4
220.517 31 22 2 3
172.002 24 24 2 6
172.002 24 24 2 6
4.53332 25 25 1 6
