992.444 43 2 7 7
992.444 43 2 7 7
992.444 43 2 7 7
992.444 43 2 7 7
992.444 43 2 7 7
992.444 43 2 7 7
992.444 43 2 7 7
992.444 43 2 7 7
992.444 43 2 7 7
1260.92 18 44 8 0
992.444 43 2 7 7
320.917 20 35 3 5
320.917 20 35 3 5
284.044 23 32 2 6
284.044 23 32 2 6
284.044 23 32 2 6
284.044 23 32 2 6
283.137 23 32 2 2
283.137 23 32 2 2
283.137 23 32 2 2
283.137 23 32 2 2
284.044 23 32 2 6
283.287 23 32 2 5
283.287 23 32 2 5
283.287 23 32 2 5
244.02 22 32 2 2
244.02 22 32 2 2
237.177 22 32 2 5
237.177 22 32 2 5
237.177 22 32 2 5
215.761 21 35 2 2
215.761 21 35 2 2
215.761 21 35 2 2
215.761 21 35 2 2
215.761 21 35 2 2
188.099 20 32 1 5
188.099 20 32 1 5
188.099 20 32 1 5
188.099 20 32 1 5
188.099 20 32 1 5
188.099 20 32 1 5
188.099 20 32 1 5
188.099 20 32 1 5
188.099 20 32 1 5
211.49 21 33 2 6
211.49 21 33 2 6
211.49 21 33 2 6
211.49 21 33 2 6
211.49 21 33 2 6
211.49 21 33 2 6
215.761 21 35 2 5
215.761 21 35 2 5
215.761 21 35 2 2
215.761 21 35 2 5
215.761 21 35 2 5
215.761 21 35 2 5
215.761 21 35 2 2
211.49 21 33 2 6
211.49 21 33 2 6
211.49 21 33 2 6
211.49 21 33 2 6
211.49 21 33 2 6
211.49 21 33 2 6
211.49 21 33 2 6
211.49 21 33 2 6
211.49 21 33 2 6
211.49 21 33 2 6
211.49 21 33 2 5
211.49 21 33 2 5
211.49 21 33 2 5
211.49 21 33 2 6
211.49 21 33 2 6
211.49 21 33 2 6
211.49 21 33 2 2
211.49 21 33 2 1
211.49 21 33 2 5
211.49 21 33 2 5
211.49 21 33 2 1
211.49 21 33 2 5
211.49 21 33 2 2
211.49 21 33 2 2
211.49 21 33 2 2
211.49 21 33 2 1
211.49 21 33 2 2
211.49 21 33 2 2
211.49 21 33 2 2
211.49 21 33 2 5
211.49 21 33 2 5
211.49 21 33 2 5
211.49 21 33 2 5
211.49 21 33 2 5
211.49 21 33 2 1
211.49 21 33 2 1
211.49 21 33 2 1
211.49 21 33 2 1
211.49 21 33 2 5
211.49 21 33 2 1
211.49 21 33 2 1
211.49 21 33 2 5
211.49 21 33 2 5
211.49 21 33 2 5
211.49 21 33 2 5
211.49 21 33 2 1
211.49 21 33 2 5
211.49 21 33 2 5
211.49 21 33 2 1
211.49 21 33 2 5
211.49 21 33 2 1
211.49 21 33 2 5
211.49 21 33 2 5
211.49 21 33 2 5
211.49 21 33 2 5
211.49 21 33 2 5
211.49 21 33 2 5
211.49 21 33 2 1
211.49 21 33 2 1
211.49 21 33 2 5
211.49 21 33 2 1
211.49 21 33 2 5
211.49 21 33 2 2
211.49 21 33 2 1
211.49 21 33 2 1
211.49 21 33 2 1
211.49 21 33 2 1
211.49 21 33 2 1
211.49 21 33 2 1
211.49 21 33 2 1
211.49 21 33 2 1
211.49 21 33 2 5
211.49 21 33 2 1
211.49 21 33 2 1
211.49 21 33 2 1
211.49 21 33 2 1
211.49 21 33 2 5
211.49 21 33 2 1
211.49 21 33 2 1
211.49 21 33 2 1
211.49 21 33 2 1
211.49 21 33 2 1
211.49 21 33 2 1
211.49 21 33 2 1
211.49 21 33 2 1
211.49 21 33 2 1
211.49 21 33 2 5
211.49 21 33 2 1
211.49 21 33 2 5
211.49 21 33 2 5
211.49 21 33 2 5
211.49 21 33 2 5
211.49 21 33 2 5
211.49 21 33 2 5
211.49 21 33 2 5
211.49 21 33 2 1
211.49 21 33 2 1
211.49 21 33 2 5
211.49 21 33 2 5
211.49 21 33 2 5
211.49 21 33 2 5
211.49 21 33 2 5
211.49 21 33 2 5
211.49 21 33 2 5
211.49 21 33 2 5
211.49 21 33 2 5
211.49 21 33 2 5
211.49 21 33 2 5
211.49 21 33 2 5
211.49 21 33 2 5
211.49 21 33 2 1
211.49 21 33 2 5
211.49 21 33 2 5
211.49 21 33 2 1
211.49 21 33 2 2
211.49 21 33 2 2
211.49 21 33 2 2
211.49 21 33 2 1
211.49 21 33 2 2
211.49 21 33 2 2
211.49 21 33 2 2
211.49 21 33 2 2
211.49 21 33 2 2
211.49 21 33 2 1
211.49 21 33 2 1
211.49 21 33 2 5
211.49 21 33 2 1
211.49 21 33 2 1
211.49 21 33 2 1
211.49 21 33 2 5
211.49 21 33 2 1
211.49 21 33 2 1
211.49 21 33 2 1
211.49 21 33 2 1
211.49 21 33 2 5
211.49 21 33 2 2
211.49 21 33 2 1
211.49 21 33 2 1
211.49 21 33 2 5
211.49 21 33 2 5
211.49 21 33 2 5
211.49 21 33 2 5
211.49 21 33 2 1
211.49 21 33 2 5
211.49 21 33 2 1
211.49 21 33 2 1
211.49 21 33 2 1
211.49 21 33 2 5
211.49 21 33 2 1
211.49 21 33 2 1
211.49 21 33 2 1
211.49 21 33 2 1
211.49 21 33 2 5
211.49 21 33 2 5
211.49 21 33 2 5
211.49 21 33 2 5
211.49 21 33 2 5
211.49 21 33 2 5
211.49 21 33 2 5
211.49 21 33 2 5
211.49 21 33 2 5
211.49 21 33 2 5
211.49 21 33 2 1
211.49 21 33 2 1
211.49 21 33 2 1
211.49 21 33 2 1
211.49 21 33 2 1
211.49 21 33 2 1
211.49 21 33 2 5
211.49 21 33 2 1
211.49 21 33 2 1
211.49 21 33 2 1
211.49 21 33 2 1
211.49 21 33 2 5
211.49 21 33 2 1
211.49 21 33 2 1
211.49 21 33 2 5
211.49 21 33 2 1
211.49 21 33 2 3
211.49 21 33 2 5
211.49 21 33 2 5
211.49 21 33 2 1
211.49 21 33 2 5
211.49 21 33 2 5
211.49 21 33 2 1
211.49 21 33 2 5
211.49 21 33 2 1
211.49 21 33 2 5
211.49 21 33 2 1
211.49 21 33 2 1
211.49 21 33 2 1
211.49 21 33 2 1
211.49 21 33 2 1
211.49 21 33 2 1
211.49 21 33 2 1
211.49 21 33 2 1
211.49 21 33 2 1
211.49 21 33 2 1
211.49 21 33 2 1
211.49 21 33 2 1
211.49 21 33 2 1
211.49 21 33 2 1
211.49 21 33 2 1
211.49 21 33 2 1
211.49 21 33 2 1
211.49 21 33 2 1
211.49 21 33 2 1
211.49 21 33 2 1
211.49 21 33 2 1
211.49 21 33 2 1
211.49 21 33 2 1
211.49 21 33 2 1
211.49 21 33 2 1
211.49 21 33 2 1
211.49 21 33 2 1
211.49 21 33 2 1
211.49 21 33 2 1
211.49 21 33 2 1
211.49 21 33 2 1
211.49 21 33 2 1
211.49 21 33 2 1
211.49 21 33 2 1
211.49 21 33 2 1
211.49 21 33 2 1
211.49 21 33 2 1
211.49 21 33 2 1
211.49 21 33 2 1
211.49 21 33 2 5
211.49 21 33 2 6
211.49 21 33 2 1
211.49 21 33 2 1
211.49 21 33 2 5
211.49 21 33 2 5
211.49 21 33 2 5
211.49 21 33 2 1
211.49 21 33 2 5
211.49 21 33 2 1
211.49 21 33 2 1
211.49 21 33 2 1
211.49 21 33 2 1
211.49 21 33 2 5
211.49 21 33 2 5
211.49 21 33 2 5
211.49 21 33 2 1
211.49 21 33 2 5
211.49 21 33 2 5
211.49 21 33 2 5
211.49 21 33 2 5
211.49 21 33 2 5
211.49 21 33 2 6
211.49 21 33 2 5
211.49 21 33 2 6
211.49 21 33 2 1
211.49 21 33 2 1
211.49 21 33 2 6
211.49 21 33 2 5
211.49 21 33 2 5
211.49 21 33 2 5
211.49 21 33 2 5
211.49 21 33 2 5
211.49 21 33 2 5
211.49 21 33 2 5
211.49 21 33 2 1
211.49 21 33 2 5
211.49 21 33 2 5
211.49 21 33 2 5
211.49 21 33 2 5
211.49 21 33 2 1
211.49 21 33 2 5
211.49 21 33 2 5
211.49 21 33 2 5
209.378 22 34 2 5
209.378 22 34 2 5
209.378 22 34 2 5
209.378 22 34 2 5
209.378 22 34 2 5
209.378 22 34 2 5
209.378 22 34 2 5
209.378 22 34 2 5
209.378 22 34 2 5
209.378 22 34 2 5
209.378 22 34 2 5
209.378 22 34 2 5
209.378 22 34 2 5
209.378 22 34 2 5
209.378 22 34 2 5
209.378 22 34 2 5
209.378 22 34 2 5
209.378 22 34 2 5
209.378 22 34 2 5
209.378 22 34 2 5
209.378 22 34 2 5
209.378 22 34 2 5
209.378 22 34 2 5
209.378 22 34 2 5
209.378 22 34 2 5
209.378 22 34 2 5
209.378 22 34 2 5
209.378 22 34 2 5
209.378 22 34 2 5
209.378 22 34 2 5
209.378 22 34 2 5
209.378 22 34 2 5
209.378 22 34 2 5
209.378 22 34 2 5
209.378 22 34 2 5
209.378 22 34 2 5
209.378 22 34 2 5
209.378 22 34 2 5
209.378 22 34 2 5
209.378 22 34 2 5
209.378 22 34 2 5
209.378 22 34 2 5
209.378 22 34 2 5
209.378 22 34 2 5
209.378 22 34 2 5
209.378 22 34 2 5
209.378 22 34 2 5
209.378 22 34 2 5
209.378 22 34 2 5
209.378 22 34 2 5
209.378 22 34 2 5
209.378 22 34 2 5
209.378 22 34 2 5
209.378 22 34 2 5
209.378 22 34 2 7
209.378 22 34 2 7
209.378 22 34 2 7
209.378 22 34 2 5
209.378 22 34 2 5
209.378 22 34 2 5
209.378 22 34 2 5
209.378 22 34 2 5
209.378 22 34 2 5
209.378 22 34 2 5
209.378 22 34 2 5
209.378 22 34 2 5
209.378 22 34 2 1
209.378 22 34 2 5
209.378 22 34 2 5
209.378 22 34 2 5
209.378 22 34 2 5
209.378 22 34 2 5
209.378 22 34 2 5
209.378 22 34 2 5
209.378 22 34 2 5
209.378 22 34 2 5
209.378 22 34 2 5
209.378 22 34 2 5
209.378 22 34 2 5
209.378 22 34 2 5
209.378 22 34 2 6
209.378 22 34 2 5
209.378 22 34 2 5
209.378 22 34 2 5
209.378 22 34 2 5
209.378 22 34 2 5
209.378 22 34 2 7
209.378 22 34 2 5
209.378 22 34 2 1
209.378 22 34 2 1
209.378 22 34 2 1
209.378 22 34 2 6
209.378 22 34 2 1
209.378 22 34 2 6
209.378 22 34 2 6
209.378 22 34 2 1
209.378 22 34 2 6
209.378 22 34 2 5
209.378 22 34 2 5
209.378 22 34 2 5
209.378 22 34 2 6
209.378 22 34 2 5
209.378 22 34 2 5
209.378 22 34 2 5
209.378 22 34 2 5
209.378 22 34 2 6
209.378 22 34 2 5
209.378 22 34 2 5
209.378 22 34 2 6
209.378 22 34 2 1
209.378 22 34 2 5
209.378 22 34 2 5
209.378 22 34 2 6
209.378 22 34 2 6
209.378 22 34 2 6
209.378 22 34 2 6
209.378 22 34 2 6
209.378 22 34 2 6
209.378 22 34 2 6
209.378 22 34 2 6
209.378 22 34 2 6
209.378 22 34 2 6
209.378 22 34 2 5
209.378 22 34 2 5
209.378 22 34 2 5
209.378 22 34 2 5
209.378 22 34 2 5
209.378 22 34 2 5
209.378 22 34 2 5
209.378 22 34 2 5
209.378 22 34 2 6
209.378 22 34 2 6
209.378 22 34 2 6
209.378 22 34 2 5
209.378 22 34 2 5
209.378 22 34 2 5
209.378 22 34 2 5
209.378 22 34 2 5
209.378 22 34 2 5
209.378 22 34 2 5
209.378 22 34 2 5
209.378 22 34 2 5
209.378 22 34 2 5
209.378 22 34 2 6
209.378 22 34 2 6
209.378 22 34 2 5
209.378 22 34 2 5
209.378 22 34 2 6
209.378 22 34 2 6
209.378 22 34 2 6
209.378 22 34 2 6
209.378 22 34 2 1
209.378 22 34 2 6
209.378 22 34 2 6
209.378 22 34 2 6
209.378 22 34 2 5
209.378 22 34 2 5
209.378 22 34 2 5
209.378 22 34 2 5
209.378 22 34 2 5
209.378 22 34 2 6
209.378 22 34 2 6
209.378 22 34 2 5
209.378 22 34 2 5
209.378 22 34 2 5
209.378 22 34 2 5
209.378 22 34 2 6
209.378 22 34 2 7
209.378 22 34 2 5
209.378 22 34 2 5
209.378 22 34 2 6
209.378 22 34 2 6
209.378 22 34 2 6
209.378 22 34 2 7
209.378 22 34 2 5
209.378 22 34 2 4
209.378 22 34 2 5
209.378 22 34 2 1
209.378 22 34 2 6
209.378 22 34 2 6
209.378 22 34 2 6
209.378 22 34 2 6
209.378 22 34 2 5
209.378 22 34 2 6
209.378 22 34 2 6
209.378 22 34 2 6
209.378 22 34 2 6
209.378 22 34 2 6
209.378 22 34 2 5
209.378 22 34 2 5
209.378 22 34 2 4
209.378 22 34 2 6
209.378 22 34 2 4
209.378 22 34 2 6
209.378 22 34 2 6
209.378 22 34 2 5
209.378 22 34 2 5
209.378 22 34 2 6
209.378 22 34 2 6
209.378 22 34 2 6
209.378 22 34 2 6
209.378 22 34 2 4
209.378 22 34 2 6
209.378 22 34 2 6
209.378 22 34 2 4
209.378 22 34 2 4
209.378 22 34 2 6
209.378 22 34 2 5
209.378 22 34 2 5
209.378 22 34 2 6
209.378 22 34 2 6
209.378 22 34 2 6
209.378 22 34 2 5
209.378 22 34 2 5
209.378 22 34 2 6
209.378 22 34 2 4
209.378 22 34 2 6
209.378 22 34 2 4
209.378 22 34 2 6
209.378 22 34 2 6
209.378 22 34 2 6
209.378 22 34 2 6
209.378 22 34 2 6
209.378 22 34 2 6
209.378 22 34 2 6
209.378 22 34 2 6
209.378 22 34 2 6
209.378 22 34 2 6
209.378 22 34 2 4
209.378 22 34 2 6
209.378 22 34 2 6
209.378 22 34 2 6
209.378 22 34 2 6
209.378 22 34 2 1
209.378 22 34 2 1
209.378 22 34 2 6
209.378 22 34 2 6
209.378 22 34 2 6
209.378 22 34 2 6
209.378 22 34 2 6
209.378 22 34 2 6
209.378 22 34 2 6
209.378 22 34 2 4
209.378 22 34 2 4
209.378 22 34 2 4
209.378 22 34 2 4
209.378 22 34 2 6
209.378 22 34 2 6
209.378 22 34 2 5
209.378 22 34 2 6
209.378 22 34 2 6
209.378 22 34 2 6
209.378 22 34 2 6
209.378 22 34 2 6
209.378 22 34 2 6
209.378 22 34 2 6
209.378 22 34 2 6
209.378 22 34 2 6
209.378 22 34 2 6
209.378 22 34 2 6
209.378 22 34 2 6
209.378 22 34 2 6
209.378 22 34 2 4
209.378 22 34 2 6
209.378 22 34 2 6
209.378 22 34 2 6
209.378 22 34 2 6
209.378 22 34 2 6
209.378 22 34 2 6
209.378 22 34 2 6
209.378 22 34 2 6
209.378 22 34 2 4
209.378 22 34 2 5
209.378 22 34 2 5
209.378 22 34 2 7
209.378 22 34 2 6
209.378 22 34 2 6
209.378 22 34 2 5
209.378 22 34 2 5
209.378 22 34 2 5
209.378 22 34 2 5
209.378 22 34 2 5
209.378 22 34 2 5
209.378 22 34 2 6
209.378 22 34 2 5
209.378 22 34 2 5
209.378 22 34 2 5
209.378 22 34 2 4
209.378 22 34 2 6
209.378 22 34 2 6
209.378 22 34 2 6
209.378 22 34 2 6
209.378 22 34 2 6
209.378 22 34 2 6
209.378 22 34 2 6
209.378 22 34 2 6
209.378 22 34 2 6
209.378 22 34 2 6
209.378 22 34 2 6
209.378 22 34 2 6
209.378 22 34 2 6
209.378 22 34 2 6
209.378 22 34 2 6
209.378 22 34 2 6
209.378 22 34 2 6
209.378 22 34 2 6
209.378 22 34 2 7
209.378 22 34 2 6
209.378 22 34 2 6
209.378 22 34 2 6
209.378 22 34 2 6
209.378 22 34 2 6
209.378 22 34 2 6
209.378 22 34 2 6
209.378 22 34 2 6
209.378 22 34 2 6
209.378 22 34 2 6
209.378 22 34 2 7
209.378 22 34 2 7
209.378 22 34 2 5
209.378 22 34 2 7
209.378 22 34 2 7
209.378 22 34 2 6
209.378 22 34 2 5
209.378 22 34 2 5
209.378 22 34 2 5
209.378 22 34 2 5
209.378 22 34 2 5
209.378 22 34 2 4
209.378 22 34 2 4
209.378 22 34 2 6
209.378 22 34 2 4
209.378 22 34 2 6
209.378 22 34 2 6
209.378 22 34 2 6
209.378 22 34 2 5
209.378 22 34 2 5
209.378 22 34 2 5
209.378 22 34 2 6
209.378 22 34 2 6
209.378 22 34 2 6
209.378 22 34 2 6
209.378 22 34 2 6
209.378 22 34 2 6
209.378 22 34 2 6
209.378 22 34 2 6
209.378 22 34 2 5
209.378 22 34 2 6
209.378 22 34 2 5
209.378 22 34 2 5
209.378 22 34 2 6
209.378 22 34 2 6
209.378 22 34 2 6
209.378 22 34 2 6
209.378 22 34 2 6
209.378 22 34 2 5
209.378 22 34 2 5
209.378 22 34 2 6
209.378 22 34 2 6
209.378 22 34 2 4
209.378 22 34 2 4
209.378 22 34 2 5
209.378 22 34 2 6
209.378 22 34 2 5
209.378 22 34 2 5
209.378 22 34 2 5
209.378 22 34 2 5
209.378 22 34 2 5
209.378 22 34 2 5
209.378 22 34 2 5
209.378 22 34 2 6
209.378 22 34 2 6
209.378 22 34 2 5
209.378 22 34 2 5
209.378 22 34 2 5
209.378 22 34 2 5
209.378 22 34 2 4
209.378 22 34 2 6
209.378 22 34 2 4
209.378 22 34 2 5
209.378 22 34 2 4
209.378 22 34 2 4
209.378 22 34 2 4
209.378 22 34 2 5
209.378 22 34 2 4
209.378 22 34 2 6
209.378 22 34 2 5
209.378 22 34 2 5
209.378 22 34 2 4
209.378 22 34 2 5
209.378 22 34 2 5
209.378 22 34 2 5
209.378 22 34 2 5
209.378 22 34 2 6
209.378 22 34 2 6
209.378 22 34 2 4
209.378 22 34 2 6
209.378 22 34 2 6
209.378 22 34 2 4
209.378 22 34 2 4
209.378 22 34 2 4
209.378 22 34 2 6
209.378 22 34 2 6
209.378 22 34 2 6
209.378 22 34 2 6
209.378 22 34 2 6
209.378 22 34 2 6
209.378 22 34 2 6
209.378 22 34 2 4
209.378 22 34 2 6
209.378 22 34 2 6
209.378 22 34 2 4
209.378 22 34 2 5
209.378 22 34 2 6
209.378 22 34 2 4
209.378 22 34 2 4
209.378 22 34 2 4
209.378 22 34 2 4
209.378 22 34 2 6
209.378 22 34 2 6
209.378 22 34 2 6
209.378 22 34 2 5
209.378 22 34 2 4
209.378 22 34 2 5
209.378 22 34 2 4
209.378 22 34 2 6
209.378 22 34 2 6
209.378 22 34 2 6
209.378 22 34 2 4
209.378 22 34 2 6
209.378 22 34 2 4
209.378 22 34 2 4
209.378 22 34 2 4
209.378 22 34 2 4
209.378 22 34 2 4
209.378 22 34 2 6
209.378 22 34 2 4
209.378 22 34 2 7
209.378 22 34 2 6
209.378 22 34 2 6
209.378 22 34 2 6
209.378 22 34 2 5
209.378 22 34 2 6
209.378 22 34 2 6
209.378 22 34 2 4
209.378 22 34 2 4
209.378 22 34 2 4
209.378 22 34 2 7
209.378 22 34 2 6
209.378 22 34 2 4
209.378 22 34 2 4
209.378 22 34 2 4
209.378 22 34 2 5
209.378 22 34 2 5
209.378 22 34 2 4
209.378 22 34 2 6
209.378 22 34 2 5
209.378 22 34 2 6
209.378 22 34 2 6
209.378 22 34 2 6
209.378 22 34 2 6
209.378 22 34 2 6
209.378 22 34 2 4
209.378 22 34 2 7
209.378 22 34 2 4
209.378 22 34 2 6
209.378 22 34 2 6
209.378 22 34 2 6
209.378 22 34 2 6
209.378 22 34 2 6
209.378 22 34 2 6
209.378 22 34 2 6
209.378 22 34 2 4
209.378 22 34 2 4
209.378 22 34 2 6
209.378 22 34 2 6
209.378 22 34 2 6
209.378 22 34 2 6
209.378 22 34 2 6
209.378 22 34 2 6
209.378 22 34 2 4
209.378 22 34 2 4
209.378 22 34 2 6
209.378 22 34 2 4
209.378 22 34 2 4
209.378 22 34 2 6
209.378 22 34 2 6
209.378 22 34 2 6
209.378 22 34 2 6
209.378 22 34 2 6
209.378 22 34 2 6
209.378 22 34 2 6
209.378 22 34 2 5
209.378 22 34 2 6
209.378 22 34 2 6
209.378 22 34 2 6
209.378 22 34 2 6
209.378 22 34 2 6
209.378 22 34 2 6
209.378 22 34 2 6
209.378 22 34 2 6
209.378 22 34 2 4
209.378 22 34 2 4
209.378 22 34 2 4
209.378 22 34 2 4
209.378 22 34 2 4
209.378 22 34 2 4
209.378 22 34 2 6
209.378 22 34 2 6
209.378 22 34 2 6
209.378 22 34 2 6
209.378 22 34 2 5
209.378 22 34 2 5
209.378 22 34 2 6
209.378 22 34 2 6
209.378 22 34 2 6
209.378 22 34 2 6
209.378 22 34 2 6
209.378 22 34 2 4
209.378 22 34 2 4
209.378 22 34 2 4
209.378 22 34 2 6
209.378 22 34 2 4
209.378 22 34 2 4
209.378 22 34 2 4
209.378 22 34 2 6
209.378 22 34 2 6
209.378 22 34 2 4
209.378 22 34 2 6
209.378 22 34 2 6
209.378 22 34 2 6
209.378 22 34 2 6
209.378 22 34 2 4
209.378 22 34 2 4
209.378 22 34 2 4
209.378 22 34 2 6
209.378 22 34 2 6
209.378 22 34 2 4
209.378 22 34 2 4
209.378 22 34 2 4
209.378 22 34 2 4
209.378 22 34 2 6
209.378 22 34 2 4
209.378 22 34 2 4
209.378 22 34 2 4
209.378 22 34 2 4
209.378 22 34 2 4
209.378 22 34 2 4
209.378 22 34 2 6
209.378 22 34 2 4
209.378 22 34 2 6
209.378 22 34 2 4
209.378 22 34 2 6
209.378 22 34 2 6
209.378 22 34 2 6
209.378 22 34 2 4
209.378 22 34 2 6
209.378 22 34 2 6
209.378 22 34 2 6
209.378 22 34 2 6
209.378 22 34 2 6
209.378 22 34 2 6
209.378 22 34 2 4
209.378 22 34 2 6
209.378 22 34 2 6
209.378 22 34 2 6
209.378 22 34 2 4
209.378 22 34 2 4
209.378 22 34 2 4
209.378 22 34 2 6
209.378 22 34 2 4
209.378 22 34 2 6
209.378 22 34 2 6
209.378 22 34 2 6
209.378 22 34 2 4
209.378 22 34 2 6
209.378 22 34 2 4
209.378 22 34 2 6
209.378 22 34 2 4
209.378 22 34 2 6
209.378 22 34 2 6
209.378 22 34 2 6
209.378 22 34 2 6
209.378 22 34 2 6
209.378 22 34 2 6
209.378 22 34 2 6
209.378 22 34 2 4
209.378 22 34 2 4
209.378 22 34 2 6
209.378 22 34 2 6
209.378 22 34 2 6
209.378 22 34 2 6
209.378 22 34 2 6
209.378 22 34 2 6
209.378 22 34 2 6
209.378 22 34 2 6
209.378 22 34 2 6
209.378 22 34 2 6
209.378 22 34 2 4
209.378 22 34 2 4
209.378 22 34 2 6
209.378 22 34 2 6
209.378 22 34 2 6
209.378 22 34 2 6
209.378 22 34 2 6
209.378 22 34 2 6
209.378 22 34 2 4
209.378 22 34 2 6
209.378 22 34 2 6
209.378 22 34 2 6
209.378 22 34 2 4
209.378 22 34 2 4
209.378 22 34 2 4
209.378 22 34 2 6
209.378 22 34 2 4
209.378 22 34 2 4
209.378 22 34 2 6
209.378 22 34 2 4
209.378 22 34 2 4
209.378 22 34 2 4
209.378 22 34 2 6
209.378 22 34 2 4
209.378 22 34 2 4
209.378 22 34 2 4
209.378 22 34 2 4
209.378 22 34 2 6
209.378 22 34 2 4
209.378 22 34 2 4
209.378 22 34 2 6
209.378 22 34 2 4
209.378 22 34 2 6
209.378 22 34 2 4
209.378 22 34 2 4
209.378 22 34 2 4
209.378 22 34 2 4
209.378 22 34 2 4
209.378 22 34 2 4
209.378 22 34 2 6
209.378 22 34 2 6
209.378 22 34 2 6
209.378 22 34 2 4
209.378 22 34 2 4
209.378 22 34 2 6
209.378 22 34 2 6
209.378 22 34 2 4
209.378 22 34 2 4
209.378 22 34 2 4
209.378 22 34 2 4
209.378 22 34 2 4
209.378 22 34 2 4
209.378 22 34 2 4
209.378 22 34 2 4
209.378 22 34 2 4
209.378 22 34 2 4
209.378 22 34 2 4
209.378 22 34 2 4
209.378 22 34 2 4
209.378 22 34 2 4
209.378 22 34 2 4
209.378 22 34 2 4
209.378 22 34 2 4
209.378 22 34 2 4
209.378 22 34 2 4
209.378 22 34 2 4
209.378 22 34 2 4
209.378 22 34 2 4
209.378 22 34 2 4
209.378 22 34 2 4
209.378 22 34 2 4
209.378 22 34 2 4
209.378 22 34 2 4
209.378 22 34 2 4
209.378 22 34 2 4
209.378 22 34 2 4
209.378 22 34 2 6
209.378 22 34 2 4
209.378 22 34 2 4
209.378 22 34 2 4
209.378 22 34 2 4
209.378 22 34 2 6
209.378 22 34 2 4
209.378 22 34 2 4
209.378 22 34 2 4
209.378 22 34 2 4
209.378 22 34 2 4
209.378 22 34 2 4
209.378 22 34 2 4
209.378 22 34 2 4
209.378 22 34 2 4
209.378 22 34 2 4
209.378 22 34 2 4
209.378 22 34 2 4
209.378 22 34 2 4
209.378 22 34 2 4
209.378 22 34 2 4
209.378 22 34 2 4
209.378 22 34 2 4
209.378 22 34 2 4
209.378 22 34 2 4
209.378 22 34 2 4
209.378 22 34 2 4
209.378 22 34 2 4
209.378 22 34 2 4
209.378 22 34 2 4
209.378 22 34 2 4
209.378 22 34 2 7
209.378 22 34 2 7
209.378 22 34 2 4
209.378 22 34 2 4
209.378 22 34 2 4
209.378 22 34 2 4
209.378 22 34 2 4
209.378 22 34 2 4
209.378 22 34 2 4
209.378 22 34 2 4
209.378 22 34 2 4
209.378 22 34 2 4
209.378 22 34 2 4
209.378 22 34 2 4
209.378 22 34 2 4
209.378 22 34 2 4
209.378 22 34 2 4
209.378 22 34 2 4
209.378 22 34 2 4
209.378 22 34 2 4
209.378 22 34 2 4
209.378 22 34 2 4
209.378 22 34 2 4
209.378 22 34 2 4
209.378 22 34 2 4
209.378 22 34 2 4
209.378 22 34 2 4
209.378 22 34 2 4
209.378 22 34 2 4
209.378 22 34 2 4
209.378 22 34 2 4
209.378 22 34 2 4
191.14 21 34 2 4
209.378 22 34 2 4
209.378 22 34 2 4
209.378 22 34 2 4
209.378 22 34 2 4
209.378 22 34 2 4
209.378 22 34 2 4
209.378 22 34 2 4
131.951 21 33 1 6
131.951 21 33 1 6
131.951 21 33 1 6
131.951 21 33 1 6
131.951 21 33 1 6
131.951 21 33 1 6
131.951 21 33 1 6
131.951 21 33 1 6
131.951 21 33 1 6
131.951 21 33 1 6
131.951 21 33 1 6
131.951 21 33 1 6
131.951 21 33 1 4
131.951 21 33 1 4
131.951 21 33 1 6
131.951 21 33 1 6
131.951 21 33 1 6
131.951 21 33 1 6
191.14 21 34 2 4
191.14 21 34 2 4
191.14 21 34 2 4
131.951 21 33 1 6
131.951 21 33 1 6
131.951 21 33 1 6
131.951 21 33 1 6
131.951 21 33 1 6
131.951 21 33 1 6
131.951 21 33 1 6
131.951 21 33 1 6
191.14 21 34 2 4
191.14 21 34 2 4
191.14 21 34 2 4
191.14 21 34 2 4
191.14 21 34 2 4
191.14 21 34 2 4
191.14 21 34 2 4
191.14 21 34 2 4
191.14 21 34 2 4
191.14 21 34 2 4
191.14 21 34 2 4
191.14 21 34 2 4
191.14 21 34 2 4
191.14 21 34 2 4
191.14 21 34 2 4
191.14 21 34 2 4
191.14 21 34 2 4
191.14 21 34 2 4
191.14 21 34 2 4
191.14 21 34 2 4
191.14 21 34 2 4
191.14 21 34 2 4
191.14 21 34 2 4
191.14 21 34 2 4
191.14 21 34 2 4
191.14 21 34 2 4
191.14 21 34 2 4
191.14 21 34 2 4
191.14 21 34 2 4
191.14 21 34 2 4
191.14 21 34 2 4
191.14 21 34 2 4
191.14 21 34 2 4
191.14 21 34 2 4
191.14 21 34 2 4
191.14 21 34 2 4
191.14 21 34 2 4
191.14 21 34 2 4
191.14 21 34 2 4
191.14 21 34 2 4
191.14 21 34 2 4
191.14 21 34 2 4
191.14 21 34 2 4
191.14 21 34 2 4
191.14 21 34 2 4
191.14 21 34 2 4
191.14 21 34 2 4
191.14 21 34 2 4
191.14 21 34 2 4
191.14 21 34 2 4
191.14 21 34 2 4
191.14 21 34 2 4
191.14 21 34 2 4
191.14 21 34 2 4
191.14 21 34 2 4
191.14 21 34 2 4
191.14 21 34 2 4
191.14 21 34 2 4
191.14 21 34 2 4
191.14 21 34 2 4
191.14 21 34 2 4
191.14 21 34 2 4
191.14 21 34 2 4
191.14 21 34 2 4
191.14 21 34 2 4
191.14 21 34 2 4
191.14 21 34 2 4
191.14 21 34 2 4
191.14 21 34 2 4
191.14 21 34 2 4
191.14 21 34 2 4
191.14 21 34 2 4
191.14 21 34 2 4
191.14 21 34 2 4
191.14 21 34 2 4
191.14 21 34 2 4
191.14 21 34 2 7
191.14 21 34 2 7
191.14 21 34 2 4
191.14 21 34 2 4
191.14 21 34 2 4
191.14 21 34 2 4
191.14 21 34 2 4
191.14 21 34 2 6
191.14 21 34 2 4
191.14 21 34 2 6
191.14 21 34 2 6
191.14 21 34 2 6
191.14 21 34 2 7
191.14 21 34 2 7
191.14 21 34 2 7
191.14 21 34 2 7
191.14 21 34 2 6
191.14 21 34 2 4
191.14 21 34 2 4
191.14 21 34 2 4
191.14 21 34 2 4
191.14 21 34 2 4
191.14 21 34 2 4
191.14 21 34 2 4
191.14 21 34 2 4
191.14 21 34 2 4
191.14 21 34 2 4
191.14 21 34 2 4
191.14 21 34 2 4
191.14 21 34 2 4
191.14 21 34 2 4
191.14 21 34 2 4
4.81665 22 33 1 4
