1242.16 50 15 0 2
1242.16 50 15 0 2
1242.16 50 15 0 2
1242.16 50 15 0 2
1242.16 50 15 0 2
1096.01 49 12 3 1
1096.01 49 12 3 1
1096.01 49 12 3 1
1096.01 49 12 3 1
1096.01 49 12 3 1
1096.01 49 12 3 1
1096.01 49 12 3 1
1079.03 53 9 7 3
1015.25 53 12 3 1
853.384 48 9 8 4
853.384 48 9 8 4
853.384 48 9 8 4
853.384 48 9 8 4
853.384 48 9 8 4
853.384 48 9 8 4
853.384 48 9 8 4
455.492 50 12 7 3
455.492 50 12 7 3
455.492 50 12 7 3
455.492 50 12 7 3
455.492 50 12 7 3
455.492 50 12 7 3
455.492 50 12 7 3
588.19 50 12 7 2
588.19 50 12 7 2
588.19 50 12 7 2
588.19 50 12 7 2
588.19 50 12 7 2
588.19 50 12 7 2
588.19 50 12 7 2
588.19 50 12 7 2
588.19 50 12 7 2
588.19 50 12 7 2
353.096 50 12 7 4
353.096 50 12 7 4
353.096 50 12 7 4
353.096 50 12 7 4
353.096 50 12 7 4
353.096 50 12 7 4
353.096 50 12 7 4
353.096 50 12 7 4
353.096 50 12 7 4
353.096 50 12 7 4
353.096 50 12 7 4
353.096 50 12 7 4
353.096 50 12 7 4
288.768 49 15 6 1
288.768 49 15 6 1
288.768 49 15 6 1
288.768 49 15 6 1
288.768 49 15 6 1
288.768 49 15 6 1
288.768 49 15 6 1
288.768 49 15 6 1
288.768 49 15 6 1
288.768 49 15 6 1
287.263 49 15 6 2
287.263 49 15 6 2
287.263 49 15 6 2
287.263 49 15 6 2
287.263 49 15 6 2
287.263 49 15 6 2
287.263 49 15 6 2
287.263 49 15 6 2
287.263 49 15 6 2
287.263 49 15 6 2
287.263 49 15 6 2
287.263 49 15 6 2
287.263 49 15 6 2
287.263 49 15 6 2
287.263 49 15 6 2
288.768 49 15 6 1
288.768 49 15 6 1
288.768 49 15 6 1
288.768 49 15 6 1
288.768 49 15 6 1
288.768 49 15 6 1
288.768 49 15 6 1
288.768 49 15 6 1
288.768 49 15 6 1
288.768 49 15 6 1
288.768 49 15 6 1
288.768 49 15 6 1
288.768 49 15 6 1
288.768 49 15 6 1
288.768 49 15 6 1
288.768 49 15 6 1
288.768 49 15 6 1
288.768 49 15 6 1
288.768 49 15 6 1
288.768 49 15 6 1
288.768 49 15 6 1
288.768 49 15 6 1
288.768 49 15 6 1
288.768 49 15 6 1
288.768 49 15 6 1
288.768 49 15 6 1
288.768 49 15 6 1
288.768 49 15 6 1
288.768 49 15 6 1
288.768 49 15 6 1
288.768 49 15 6 1
288.768 49 15 6 1
288.768 49 15 6 1
288.768 49 15 6 1
288.768 49 15 6 1
288.768 49 15 6 1
288.768 49 15 6 1
288.768 49 15 6 1
288.768 49 15 6 1
288.768 49 15 6 1
288.768 49 15 6 1
288.768 49 15 6 1
288.768 49 15 6 1
288.768 49 15 6 1
