3
0.0 2.1 1.0 1.0 0.0 0.0
2.3 3.5 1.0 0.0 1.0 0.0
4.0 6.0 1.0 -1.0 0.0 0.0
2.0 2.0 0.0 0.0
v -0.5 -0.5 -0.5
v -0.5 -0.5 0.5
v -0.5 0.5 0.5
v 0.5 0.5 -0.5
v -0.5 -0.5 -0.5
v -0.5 0.5 -0.5
v 0.5 -0.5 0.5
v -0.5 -0.5 -0.5
v 0.5 -0.5 -0.5
v 0.5 0.5 -0.5
v 0.5 -0.5 -0.5
v -0.5 -0.5 -0.5
v -0.5 -0.5 -0.5
v -0.5 0.5 0.5
v -0.5 0.5 -0.5
v 0.5 -0.5 0.5
v -0.5 -0.5 0.5
v -0.5 -0.5 -0.5
v -0.5 0.5 0.5
v -0.5 -0.5 0.5
v 0.5 -0.5 0.5
v 0.5 0.5 0.5
v 0.5 -0.5 -0.5
v 0.5 0.5 -0.5
v 0.5 -0.5 -0.5
v 0.5 0.5 0.5
v 0.5 -0.5 0.5
v 0.5 0.5 0.5
v 0.5 0.5 -0.5
v -0.5 0.5 -0.5
v 0.5 0.5 0.5
v -0.5 0.5 -0.5
v -0.5 0.5 0.5
v 0.5 0.5 0.5
v -0.5 0.5 0.5
v 0.5 -0.5 0.5
c 1 1 1
c 0.8 0.8 0.8
c 1 1 1
c 0.8 0.8 0.8
c 1 1 1
c 0.8 0.8 0.8
c 1 1 1
c 0.8 0.8 0.8
c 1 1 1
c 0.8 0.8 0.8
c 1 1 1
c 0.8 0.8 0.8
c 1 1 1
c 0.8 0.8 0.8
c 1 1 1
c 0.8 0.8 0.8
c 1 1 1
c 0.8 0.8 0.8
c 1 1 1
c 0.8 0.8 0.8
c 1 1 1
c 0.8 0.8 0.8
c 1 1 1
c 0.8 0.8 0.8
c 1 1 1
c 0.8 0.8 0.8
c 1 1 1
c 0.8 0.8 0.8
c 1 1 1
c 0.8 0.8 0.8
c 1 1 1
c 0.8 0.8 0.8
c 1 1 1
c 0.8 0.8 0.8
c 1 1 1
c 0.8 0.8 0.8