0
0.0 -5.0 0.0 0.0
v -5 -5 -5
v -5 -5 5
v -5 5 5
v 5 5 -5
v -5 -5 -5
v -5 5 -5
v 5 -5 5
v -5 -5 -5
v 5 -5 -5
v 5 5 -5
v 5 -5 -5
v -5 -5 -5
v -5 -5 -5
v -5 5 5
v -5 5 -5
v 5 -5 5
v -5 -5 5
v -5 -5 -5
v -5 5 5
v -5 -5 5
v 5 -5 5
v 5 5 5
v 5 -5 -5
v 5 5 -5
v 5 -5 -5
v 5 5 5
v 5 -5 5
v 5 5 5
v 5 5 -5
v -5 5 -5
v 5 5 5
v -5 5 -5
v -5 5 5
v 5 5 5
v -5 5 5
v 5 -5 5
c 0.583 0.771 0.014
c 0.609 0.115 0.436
c 0.327 0.483 0.844
c 0.583 0.771 0.014
c 0.609 0.115 0.436
c 0.327 0.483 0.844
c 0.583 0.771 0.014
c 0.609 0.115 0.436
c 0.327 0.483 0.844
c 0.583 0.771 0.014
c 0.609 0.115 0.436
c 0.327 0.483 0.844
c 0.583 0.771 0.014
c 0.609 0.115 0.436
c 0.327 0.483 0.844
c 0.583 0.771 0.014
c 0.609 0.115 0.436
c 0.327 0.483 0.844
c 0.583 0.771 0.014
c 0.609 0.115 0.436
c 0.327 0.483 0.844
c 0.583 0.771 0.014
c 0.609 0.115 0.436
c 0.327 0.483 0.844
c 0.583 0.771 0.014
c 0.609 0.115 0.436
c 0.327 0.483 0.844
c 0.583 0.771 0.014
c 0.609 0.115 0.436
c 0.327 0.483 0.844
c 0.583 0.771 0.014
c 0.609 0.115 0.436
c 0.327 0.483 0.844
c 0.583 0.771 0.014
c 0.609 0.115 0.436
c 0.327 0.483 0.844